imu_factor
para_Pose0 
0 0 0 0.833125 0.00348511 0.553049 -0.00525004 
para_SpeedBias0 
0 0 0 0 0 0 -0.00196107 0.0200604 0.0779261 
para_Pose1 
-4.30368e-05 -0.000494685 9.25239e-05 0.833124 0.00353424 0.553049 -0.00525244 
para_SpeedBias1 
-0.000186685 -0.00499238 -0.00286353 0 0 0 -0.00196107 0.0200604 0.0779261 
imu_factor
para_Pose1 
-4.30368e-05 -0.000494685 9.25239e-05 0.833124 0.00353424 0.553049 -0.00525244 
para_SpeedBias1 
-0.000186685 -0.00499238 -0.00286353 0 0 0 -0.00196107 0.0200604 0.0779261 
para_Pose2 
2.83143e-05 -0.000297009 6.34838e-05 0.83312 0.00351633 0.553055 -0.00525636 
para_SpeedBias2 
-0.00124572 -0.0101463 -0.00537358 0 0 0 -0.00196107 0.0200604 0.0779261 
imu_factor
para_Pose2 
2.83143e-05 -0.000297009 6.34838e-05 0.83312 0.00351633 0.553055 -0.00525636 
para_SpeedBias2 
-0.00124572 -0.0101463 -0.00537358 0 0 0 -0.00196107 0.0200604 0.0779261 
para_Pose3 
-2.38624e-05 -0.000257536 7.70002e-05 0.833126 0.00350184 0.553047 -0.0052608 
para_SpeedBias3 
-0.001518 -0.01514 -0.00801725 0 0 0 -0.00196107 0.0200604 0.0779261 
imu_factor
para_Pose3 
-2.38624e-05 -0.000257536 7.70002e-05 0.833126 0.00350184 0.553047 -0.0052608 
para_SpeedBias3 
-0.001518 -0.01514 -0.00801725 0 0 0 -0.00196107 0.0200604 0.0779261 
para_Pose4 
4.84929e-06 -0.000321488 9.2815e-05 0.833122 0.00352074 0.553054 -0.00525778 
para_SpeedBias4 
-0.00169354 -0.0197007 -0.0106715 0 0 0 -0.00196107 0.0200604 0.0779261 
imu_factor
para_Pose4 
4.84929e-06 -0.000321488 9.2815e-05 0.833122 0.00352074 0.553054 -0.00525778 
para_SpeedBias4 
-0.00169354 -0.0197007 -0.0106715 0 0 0 -0.00196107 0.0200604 0.0779261 
para_Pose5 
2.2608e-05 -0.000315622 0.000102231 0.833124 0.00351575 0.55305 -0.00525848 
para_SpeedBias5 
-0.00202059 -0.0251034 -0.0139376 0 0 0 -0.00196107 0.0200604 0.0779261 
imu_factor
para_Pose5 
2.2608e-05 -0.000315622 0.000102231 0.833124 0.00351575 0.55305 -0.00525848 
para_SpeedBias5 
-0.00202059 -0.0251034 -0.0139376 0 0 0 -0.00196107 0.0200604 0.0779261 
para_Pose6 
3.11028e-05 -0.000256911 2.68987e-05 0.833122 0.00350133 0.553053 -0.00526972 
para_SpeedBias6 
-0.00228916 -0.0297935 -0.0155072 0 0 0 -0.00196107 0.0200604 0.0779261 
imu_factor
para_Pose6 
3.11028e-05 -0.000256911 2.68987e-05 0.833122 0.00350133 0.553053 -0.00526972 
para_SpeedBias6 
-0.00228916 -0.0297935 -0.0155072 0 0 0 -0.00196107 0.0200604 0.0779261 
para_Pose7 
2.9441e-05 -0.000340907 5.39283e-05 0.833121 0.00351623 0.553055 -0.00525551 
para_SpeedBias7 
-0.00287321 -0.0344541 -0.0179857 0 0 0 -0.00196107 0.0200604 0.0779261 
imu_factor
para_Pose7 
2.9441e-05 -0.000340907 5.39283e-05 0.833121 0.00351623 0.553055 -0.00525551 
para_SpeedBias7 
-0.00287321 -0.0344541 -0.0179857 0 0 0 -0.00196107 0.0200604 0.0779261 
para_Pose8 
1.53881e-05 -0.000304425 8.63991e-05 0.833121 0.00350898 0.553055 -0.00526187 
para_SpeedBias8 
-0.00350813 -0.0379336 -0.0199738 0 0 0 -0.00196107 0.0200604 0.0779261 
imu_factor
para_Pose8 
1.53881e-05 -0.000304425 8.63991e-05 0.833121 0.00350898 0.553055 -0.00526187 
para_SpeedBias8 
-0.00350813 -0.0379336 -0.0199738 0 0 0 -0.00196107 0.0200604 0.0779261 
para_Pose9 
-0.00854953 -0.104183 -0.0854016 0.83296 0.00347388 0.553298 -0.0052199 
para_SpeedBias9 
-0.00583013 -0.06618 -0.0720958 0 0 0 -0.00196107 0.0200604 0.0779261 
imu_factor
para_Pose9 
-0.00854953 -0.104183 -0.0854016 0.83296 0.00347388 0.553298 -0.0052199 
para_SpeedBias9 
-0.00583013 -0.06618 -0.0720958 0 0 0 -0.00196107 0.0200604 0.0779261 
para_Pose10 
-0.0090677 -0.110873 -0.0926595 0.832926 0.00351405 0.553348 -0.0052135 
para_SpeedBias10 
-0.00541547 -0.0669506 -0.0743953 0 0 0 -0.00196107 0.0200604 0.0779261 
