imu_factor
para_Pose0 
-0.147697 -0.673673 -0.904065 0.837116 0.033464 0.545754 -0.0164473 
para_SpeedBias0 
-0.118137 -0.372193 -0.229533 0 0 0 -0.00196107 0.0200604 0.0779261 
para_Pose1 
-0.160124 -0.714447 -0.92356 0.838166 0.0239885 0.544705 -0.0140991 
para_SpeedBias1 
-0.130979 -0.436535 -0.167754 0 0 0 -0.00196107 0.0200604 0.0779261 
imu_factor
para_Pose1 
-0.160124 -0.714447 -0.92356 0.838166 0.0239885 0.544705 -0.0140991 
para_SpeedBias1 
-0.130979 -0.436535 -0.167754 0 0 0 -0.00196107 0.0200604 0.0779261 
para_Pose2 
-0.174402 -0.760467 -0.939877 0.835346 0.0154226 0.549401 -0.0108879 
para_SpeedBias2 
-0.155602 -0.482688 -0.160557 0 0 0 -0.00196107 0.0200604 0.0779261 
imu_factor
para_Pose2 
-0.174402 -0.760467 -0.939877 0.835346 0.0154226 0.549401 -0.0108879 
para_SpeedBias2 
-0.155602 -0.482688 -0.160557 0 0 0 -0.00196107 0.0200604 0.0779261 
para_Pose3 
-0.191464 -0.811194 -0.956993 0.830476 0.00585736 0.556959 -0.00843141 
para_SpeedBias3 
-0.180862 -0.526637 -0.184445 0 0 0 -0.00196107 0.0200604 0.0779261 
imu_factor
para_Pose3 
-0.191464 -0.811194 -0.956993 0.830476 0.00585736 0.556959 -0.00843141 
para_SpeedBias3 
-0.180862 -0.526637 -0.184445 0 0 0 -0.00196107 0.0200604 0.0779261 
para_Pose4 
-0.210393 -0.866587 -0.97775 0.825359 -0.00576819 0.564529 -0.00751416 
para_SpeedBias4 
-0.197813 -0.588875 -0.227023 0 0 0 -0.00196107 0.0200604 0.0779261 
imu_factor
para_Pose4 
-0.210393 -0.866587 -0.97775 0.825359 -0.00576819 0.564529 -0.00751416 
para_SpeedBias4 
-0.197813 -0.588875 -0.227023 0 0 0 -0.00196107 0.0200604 0.0779261 
para_Pose5 
-0.230971 -0.929035 -1.00194 0.819762 -0.0153732 0.572476 -0.00503078 
para_SpeedBias5 
-0.217756 -0.660478 -0.252414 0 0 0 -0.00196107 0.0200604 0.0779261 
imu_factor
para_Pose5 
-0.230971 -0.929035 -1.00194 0.819762 -0.0153732 0.572476 -0.00503078 
para_SpeedBias5 
-0.217756 -0.660478 -0.252414 0 0 0 -0.00196107 0.0200604 0.0779261 
para_Pose6 
-0.254418 -0.997428 -1.02827 0.815643 -0.022572 0.578115 0.000518454 
para_SpeedBias6 
-0.250334 -0.709216 -0.271268 0 0 0 -0.00196107 0.0200604 0.0779261 
imu_factor
para_Pose6 
-0.254418 -0.997428 -1.02827 0.815643 -0.022572 0.578115 0.000518454 
para_SpeedBias6 
-0.250334 -0.709216 -0.271268 0 0 0 -0.00196107 0.0200604 0.0779261 
para_Pose7 
-0.280036 -1.06934 -1.05672 0.813417 -0.0262037 0.580983 0.0111443 
para_SpeedBias7 
-0.265619 -0.708417 -0.299152 0 0 0 -0.00196107 0.0200604 0.0779261 
imu_factor
para_Pose7 
-0.280036 -1.06934 -1.05672 0.813417 -0.0262037 0.580983 0.0111443 
para_SpeedBias7 
-0.265619 -0.708417 -0.299152 0 0 0 -0.00196107 0.0200604 0.0779261 
para_Pose8 
-0.307185 -1.13853 -1.08702 0.8146 -0.0302483 0.579015 0.0158964 
para_SpeedBias8 
-0.273134 -0.672141 -0.309562 0 0 0 -0.00196107 0.0200604 0.0779261 
imu_factor
para_Pose8 
-0.307185 -1.13853 -1.08702 0.8146 -0.0302483 0.579015 0.0158964 
para_SpeedBias8 
-0.273134 -0.672141 -0.309562 0 0 0 -0.00196107 0.0200604 0.0779261 
para_Pose9 
-0.333822 -1.20361 -1.11795 0.818862 -0.0400629 0.572168 0.0220043 
para_SpeedBias9 
-0.259165 -0.627413 -0.309158 0 0 0 -0.00196107 0.0200604 0.0779261 
imu_factor
para_Pose9 
-0.333822 -1.20361 -1.11795 0.818862 -0.0400629 0.572168 0.0220043 
para_SpeedBias9 
-0.259165 -0.627413 -0.309158 0 0 0 -0.00196107 0.0200604 0.0779261 
para_Pose10 
-0.358719 -1.26315 -1.14778 0.822355 -0.0550494 0.565496 0.0302653 
para_SpeedBias10 
-0.239713 -0.55882 -0.29047 0 0 0 -0.00196107 0.0200604 0.0779261 
