imu_factor
para_Pose0 
-0.0482174 -0.511387 -0.236267 0.813191 0.0388401 0.579781 -0.03266 
para_SpeedBias0 
0.0280382 -0.0638965 0.177684 0 0 0 -0.00196107 0.0200604 0.0779261 
para_Pose1 
-0.0463732 -0.518257 -0.226108 0.810619 0.0337349 0.584259 -0.0199853 
para_SpeedBias1 
0.0144809 -0.0627223 0.0293023 0 0 0 -0.00196107 0.0200604 0.0779261 
imu_factor
para_Pose1 
-0.0463732 -0.518257 -0.226108 0.810619 0.0337349 0.584259 -0.0199853 
para_SpeedBias1 
0.0144809 -0.0627223 0.0293023 0 0 0 -0.00196107 0.0200604 0.0779261 
para_Pose2 
-0.0497915 -0.533318 -0.255957 0.807302 0.0371555 0.588291 -0.0282297 
para_SpeedBias2 
-0.0438827 -0.0951663 -0.365828 0 0 0 -0.00196107 0.0200604 0.0779261 
imu_factor
para_Pose2 
-0.0497915 -0.533318 -0.255957 0.807302 0.0371555 0.588291 -0.0282297 
para_SpeedBias2 
-0.0438827 -0.0951663 -0.365828 0 0 0 -0.00196107 0.0200604 0.0779261 
para_Pose3 
-0.0537512 -0.54262 -0.304353 0.804934 0.0410909 0.59146 -0.0238378 
para_SpeedBias3 
-0.0412806 -0.0897056 -0.592548 0 0 0 -0.00196107 0.0200604 0.0779261 
imu_factor
para_Pose3 
-0.0537512 -0.54262 -0.304353 0.804934 0.0410909 0.59146 -0.0238378 
para_SpeedBias3 
-0.0412806 -0.0897056 -0.592548 0 0 0 -0.00196107 0.0200604 0.0779261 
para_Pose4 
-0.0583762 -0.552467 -0.370749 0.805181 0.046079 0.59081 -0.0224362 
para_SpeedBias4 
-0.0598806 -0.101742 -0.72756 0 0 0 -0.00196107 0.0200604 0.0779261 
imu_factor
para_Pose4 
-0.0583762 -0.552467 -0.370749 0.805181 0.046079 0.59081 -0.0224362 
para_SpeedBias4 
-0.0598806 -0.101742 -0.72756 0 0 0 -0.00196107 0.0200604 0.0779261 
para_Pose5 
-0.0653743 -0.562456 -0.447957 0.811037 0.0509734 0.582302 -0.023346 
para_SpeedBias5 
-0.0780349 -0.0927116 -0.801907 0 0 0 -0.00196107 0.0200604 0.0779261 
imu_factor
para_Pose5 
-0.0653743 -0.562456 -0.447957 0.811037 0.0509734 0.582302 -0.023346 
para_SpeedBias5 
-0.0780349 -0.0927116 -0.801907 0 0 0 -0.00196107 0.0200604 0.0779261 
para_Pose6 
-0.0748186 -0.571114 -0.528723 0.822294 0.0544044 0.565741 -0.0284642 
para_SpeedBias6 
-0.108636 -0.0817348 -0.800442 0 0 0 -0.00196107 0.0200604 0.0779261 
imu_factor
para_Pose6 
-0.0748186 -0.571114 -0.528723 0.822294 0.0544044 0.565741 -0.0284642 
para_SpeedBias6 
-0.108636 -0.0817348 -0.800442 0 0 0 -0.00196107 0.0200604 0.0779261 
para_Pose7 
-0.0859531 -0.579406 -0.606717 0.833745 0.0550984 0.548112 -0.0374888 
para_SpeedBias7 
-0.114017 -0.0954317 -0.75451 0 0 0 -0.00196107 0.0200604 0.0779261 
imu_factor
para_Pose7 
-0.0859531 -0.579406 -0.606717 0.833745 0.0550984 0.548112 -0.0374888 
para_SpeedBias7 
-0.114017 -0.0954317 -0.75451 0 0 0 -0.00196107 0.0200604 0.0779261 
para_Pose8 
-0.0967788 -0.589052 -0.678317 0.839656 0.0532611 0.538955 -0.040854 
para_SpeedBias8 
-0.102825 -0.101949 -0.67593 0 0 0 -0.00196107 0.0200604 0.0779261 
imu_factor
para_Pose8 
-0.0967788 -0.589052 -0.678317 0.839656 0.0532611 0.538955 -0.040854 
para_SpeedBias8 
-0.102825 -0.101949 -0.67593 0 0 0 -0.00196107 0.0200604 0.0779261 
para_Pose9 
-0.106133 -0.5989 -0.741555 0.840243 0.0489505 0.538573 -0.0391664 
para_SpeedBias9 
-0.0901079 -0.0940979 -0.59193 0 0 0 -0.00196107 0.0200604 0.0779261 
imu_factor
para_Pose9 
-0.106133 -0.5989 -0.741555 0.840243 0.0489505 0.538573 -0.0391664 
para_SpeedBias9 
-0.0901079 -0.0940979 -0.59193 0 0 0 -0.00196107 0.0200604 0.0779261 
para_Pose10 
-0.114819 -0.607699 -0.796195 0.837267 0.043068 0.543991 -0.0346969 
para_SpeedBias10 
-0.0847234 -0.0880523 -0.502214 0 0 0 -0.00196107 0.0200604 0.0779261 
