imu_factor
para_Pose0 
-0.398129 -1.34988 -1.20388 0.816961 -0.0812735 0.56839 0.0538704 
para_SpeedBias0 
-0.151678 -0.26922 -0.283452 0 0 0 -0.00196107 0.0200604 0.0779261 
para_Pose1 
-0.411484 -1.36688 -1.23363 0.81205 -0.0875639 0.57296 0.068009 
para_SpeedBias1 
-0.115569 -0.0680544 -0.310964 0 0 0 -0.00196107 0.0200604 0.0779261 
imu_factor
para_Pose1 
-0.411484 -1.36688 -1.23363 0.81205 -0.0875639 0.57296 0.068009 
para_SpeedBias1 
-0.115569 -0.0680544 -0.310964 0 0 0 -0.00196107 0.0200604 0.0779261 
para_Pose2 
-0.426976 -1.33955 -1.30154 0.810011 -0.0895824 0.574649 0.0750736 
para_SpeedBias2 
-0.0460562 0.327326 -0.365547 0 0 0 -0.00196107 0.0200604 0.0779261 
imu_factor
para_Pose2 
-0.426976 -1.33955 -1.30154 0.810011 -0.0895824 0.574649 0.0750736 
para_SpeedBias2 
-0.0460562 0.327326 -0.365547 0 0 0 -0.00196107 0.0200604 0.0779261 
para_Pose3 
-0.43021 -1.29998 -1.33878 0.810703 -0.0831973 0.575013 0.0720986 
para_SpeedBias3 
-0.0172191 0.450372 -0.372471 0 0 0 -0.00196107 0.0200604 0.0779261 
imu_factor
para_Pose3 
-0.43021 -1.29998 -1.33878 0.810703 -0.0831973 0.575013 0.0720986 
para_SpeedBias3 
-0.0172191 0.450372 -0.372471 0 0 0 -0.00196107 0.0200604 0.0779261 
para_Pose4 
-0.43172 -1.25087 -1.37495 0.813241 -0.0775373 0.573317 0.0627324 
para_SpeedBias4 
-0.0220905 0.529006 -0.344845 0 0 0 -0.00196107 0.0200604 0.0779261 
imu_factor
para_Pose4 
-0.43172 -1.25087 -1.37495 0.813241 -0.0775373 0.573317 0.0627324 
para_SpeedBias4 
-0.0220905 0.529006 -0.344845 0 0 0 -0.00196107 0.0200604 0.0779261 
para_Pose5 
-0.434759 -1.19554 -1.40825 0.815715 -0.0732427 0.571702 0.0490038 
para_SpeedBias5 
-0.0408054 0.568196 -0.326527 0 0 0 -0.00196107 0.0200604 0.0779261 
imu_factor
para_Pose5 
-0.434759 -1.19554 -1.40825 0.815715 -0.0732427 0.571702 0.0490038 
para_SpeedBias5 
-0.0408054 0.568196 -0.326527 0 0 0 -0.00196107 0.0200604 0.0779261 
para_Pose6 
-0.439424 -1.13828 -1.44093 0.815048 -0.0672992 0.573838 0.0433325 
para_SpeedBias6 
-0.0505814 0.582317 -0.341288 0 0 0 -0.00196107 0.0200604 0.0779261 
imu_factor
para_Pose6 
-0.439424 -1.13828 -1.44093 0.815048 -0.0672992 0.573838 0.0433325 
para_SpeedBias6 
-0.0505814 0.582317 -0.341288 0 0 0 -0.00196107 0.0200604 0.0779261 
para_Pose7 
-0.445557 -1.08049 -1.47727 0.81428 -0.0595319 0.576347 0.0350481 
para_SpeedBias7 
-0.0635667 0.564049 -0.38212 0 0 0 -0.00196107 0.0200604 0.0779261 
imu_factor
para_Pose7 
-0.445557 -1.08049 -1.47727 0.81428 -0.0595319 0.576347 0.0350481 
para_SpeedBias7 
-0.0635667 0.564049 -0.38212 0 0 0 -0.00196107 0.0200604 0.0779261 
para_Pose8 
-0.449572 -1.02725 -1.51741 0.815593 -0.0502033 0.575911 0.0247825 
para_SpeedBias8 
-0.00421934 0.496293 -0.417003 0 0 0 -0.00196107 0.0200604 0.0779261 
imu_factor
para_Pose8 
-0.449572 -1.02725 -1.51741 0.815593 -0.0502033 0.575911 0.0247825 
para_SpeedBias8 
-0.00421934 0.496293 -0.417003 0 0 0 -0.00196107 0.0200604 0.0779261 
para_Pose9 
-0.446281 -0.983128 -1.55983 0.816524 -0.0402034 0.575728 0.0144604 
para_SpeedBias9 
0.0592108 0.380252 -0.427959 0 0 0 -0.00196107 0.0200604 0.0779261 
imu_factor
para_Pose9 
-0.446281 -0.983128 -1.55983 0.816524 -0.0402034 0.575728 0.0144604 
para_SpeedBias9 
0.0592108 0.380252 -0.427959 0 0 0 -0.00196107 0.0200604 0.0779261 
para_Pose10 
-0.438986 -0.951128 -1.60264 0.815153 -0.0349474 0.578045 0.0129765 
para_SpeedBias10 
0.0911089 0.268332 -0.421529 0 0 0 -0.00196107 0.0200604 0.0779261 
