imu_factor
para_Pose0 
2.9441e-05 -0.000340907 5.39283e-05 0.833121 0.00351623 0.553055 -0.00525551 
para_SpeedBias0 
-0.00287321 -0.0344541 -0.0179857 0 0 0 -0.00196107 0.0200604 0.0779261 
para_Pose1 
1.53881e-05 -0.000304425 8.63991e-05 0.833121 0.00350898 0.553055 -0.00526187 
para_SpeedBias1 
-0.00350813 -0.0379336 -0.0199738 0 0 0 -0.00196107 0.0200604 0.0779261 
imu_factor
para_Pose1 
1.53881e-05 -0.000304425 8.63991e-05 0.833121 0.00350898 0.553055 -0.00526187 
para_SpeedBias1 
-0.00350813 -0.0379336 -0.0199738 0 0 0 -0.00196107 0.0200604 0.0779261 
para_Pose2 
-0.0148784 -0.168191 -0.158484 0.832831 0.00345635 0.55349 -0.00548847 
para_SpeedBias2 
-0.00988323 -0.0798302 -0.0905982 0 0 0 -0.00196107 0.0200604 0.0779261 
imu_factor
para_Pose2 
-0.0148784 -0.168191 -0.158484 0.832831 0.00345635 0.55349 -0.00548847 
para_SpeedBias2 
-0.00988323 -0.0798302 -0.0905982 0 0 0 -0.00196107 0.0200604 0.0779261 
para_Pose3 
-0.0157451 -0.175823 -0.167603 0.832824 0.00338702 0.553491 -0.00641716 
para_SpeedBias3 
-0.00484701 -0.0783306 -0.0918087 0 0 0 -0.00196107 0.0200604 0.0779261 
imu_factor
para_Pose3 
-0.0157451 -0.175823 -0.167603 0.832824 0.00338702 0.553491 -0.00641716 
para_SpeedBias3 
-0.00484701 -0.0783306 -0.0918087 0 0 0 -0.00196107 0.0200604 0.0779261 
para_Pose4 
-0.0165344 -0.189847 -0.182013 0.835834 0.00823536 0.548866 -0.00776104 
para_SpeedBias4 
-0.00809105 -0.0567932 -0.00193303 0 0 0 -0.00196107 0.0200604 0.0779261 
imu_factor
para_Pose4 
-0.0165344 -0.189847 -0.182013 0.835834 0.00823536 0.548866 -0.00776104 
para_SpeedBias4 
-0.00809105 -0.0567932 -0.00193303 0 0 0 -0.00196107 0.0200604 0.0779261 
para_Pose5 
-0.0167593 -0.196058 -0.176346 0.833743 0.00893214 0.551931 -0.0128654 
para_SpeedBias5 
0.00680018 -0.0657924 0.117646 0 0 0 -0.00196107 0.0200604 0.0779261 
imu_factor
para_Pose5 
-0.0167593 -0.196058 -0.176346 0.833743 0.00893214 0.551931 -0.0128654 
para_SpeedBias5 
0.00680018 -0.0657924 0.117646 0 0 0 -0.00196107 0.0200604 0.0779261 
para_Pose6 
-0.0148099 -0.203162 -0.15812 0.827807 0.0108768 0.560569 -0.019513 
para_SpeedBias6 
0.0230679 -0.0829741 0.241662 0 0 0 -0.00196107 0.0200604 0.0779261 
imu_factor
para_Pose6 
-0.0148099 -0.203162 -0.15812 0.827807 0.0108768 0.560569 -0.019513 
para_SpeedBias6 
0.0230679 -0.0829741 0.241662 0 0 0 -0.00196107 0.0200604 0.0779261 
para_Pose7 
-0.0125302 -0.211526 -0.130173 0.825779 0.0131863 0.563187 -0.0271233 
para_SpeedBias7 
0.024288 -0.0827838 0.309957 0 0 0 -0.00196107 0.0200604 0.0779261 
imu_factor
para_Pose7 
-0.0125302 -0.211526 -0.130173 0.825779 0.0131863 0.563187 -0.0271233 
para_SpeedBias7 
0.024288 -0.0827838 0.309957 0 0 0 -0.00196107 0.0200604 0.0779261 
para_Pose8 
-0.0101289 -0.220086 -0.0981485 0.828892 0.0128762 0.558021 -0.037223 
para_SpeedBias8 
0.0225253 -0.0856953 0.326686 0 0 0 -0.00196107 0.0200604 0.0779261 
imu_factor
para_Pose8 
-0.0101289 -0.220086 -0.0981485 0.828892 0.0128762 0.558021 -0.037223 
para_SpeedBias8 
0.0225253 -0.0856953 0.326686 0 0 0 -0.00196107 0.0200604 0.0779261 
para_Pose9 
-0.00671786 -0.228774 -0.0651559 0.829836 0.0124614 0.555887 -0.0469662 
para_SpeedBias9 
0.0512833 -0.0923435 0.334078 0 0 0 -0.00196107 0.0200604 0.0779261 
imu_factor
para_Pose9 
-0.00671786 -0.228774 -0.0651559 0.829836 0.0124614 0.555887 -0.0469662 
para_SpeedBias9 
0.0512833 -0.0923435 0.334078 0 0 0 -0.00196107 0.0200604 0.0779261 
para_Pose10 
-0.000482023 -0.236602 -0.0308969 0.824942 0.0201082 0.562782 -0.0483907 
para_SpeedBias10 
0.0623736 -0.0686386 0.351716 0 0 0 -0.00196107 0.0200604 0.0779261 
