imu_factor
para_Pose0 
-0.434759 -1.19554 -1.40825 0.815715 -0.0732427 0.571702 0.0490038 
para_SpeedBias0 
-0.0408054 0.568196 -0.326527 0 0 0 -0.00196107 0.0200604 0.0779261 
para_Pose1 
-0.439424 -1.13828 -1.44093 0.815048 -0.0672992 0.573838 0.0433325 
para_SpeedBias1 
-0.0505814 0.582317 -0.341288 0 0 0 -0.00196107 0.0200604 0.0779261 
imu_factor
para_Pose1 
-0.439424 -1.13828 -1.44093 0.815048 -0.0672992 0.573838 0.0433325 
para_SpeedBias1 
-0.0505814 0.582317 -0.341288 0 0 0 -0.00196107 0.0200604 0.0779261 
para_Pose2 
-0.445557 -1.08049 -1.47727 0.81428 -0.0595319 0.576347 0.0350481 
para_SpeedBias2 
-0.0635667 0.564049 -0.38212 0 0 0 -0.00196107 0.0200604 0.0779261 
imu_factor
para_Pose2 
-0.445557 -1.08049 -1.47727 0.81428 -0.0595319 0.576347 0.0350481 
para_SpeedBias2 
-0.0635667 0.564049 -0.38212 0 0 0 -0.00196107 0.0200604 0.0779261 
para_Pose3 
-0.449572 -1.02725 -1.51741 0.815593 -0.0502033 0.575911 0.0247825 
para_SpeedBias3 
-0.00421934 0.496293 -0.417003 0 0 0 -0.00196107 0.0200604 0.0779261 
imu_factor
para_Pose3 
-0.449572 -1.02725 -1.51741 0.815593 -0.0502033 0.575911 0.0247825 
para_SpeedBias3 
-0.00421934 0.496293 -0.417003 0 0 0 -0.00196107 0.0200604 0.0779261 
para_Pose4 
-0.446281 -0.983128 -1.55983 0.816524 -0.0402034 0.575728 0.0144604 
para_SpeedBias4 
0.0592108 0.380252 -0.427959 0 0 0 -0.00196107 0.0200604 0.0779261 
imu_factor
para_Pose4 
-0.446281 -0.983128 -1.55983 0.816524 -0.0402034 0.575728 0.0144604 
para_SpeedBias4 
0.0592108 0.380252 -0.427959 0 0 0 -0.00196107 0.0200604 0.0779261 
para_Pose5 
-0.438986 -0.951128 -1.60264 0.815153 -0.0349474 0.578045 0.0129765 
para_SpeedBias5 
0.0911089 0.268332 -0.421529 0 0 0 -0.00196107 0.0200604 0.0779261 
imu_factor
para_Pose5 
-0.438986 -0.951128 -1.60264 0.815153 -0.0349474 0.578045 0.0129765 
para_SpeedBias5 
0.0911089 0.268332 -0.421529 0 0 0 -0.00196107 0.0200604 0.0779261 
para_Pose6 
-0.429673 -0.928155 -1.64445 0.815753 -0.0353144 0.577115 0.0154613 
para_SpeedBias6 
0.0894791 0.196011 -0.412211 0 0 0 -0.00196107 0.0200604 0.0779261 
imu_factor
para_Pose6 
-0.429673 -0.928155 -1.64445 0.815753 -0.0353144 0.577115 0.0154613 
para_SpeedBias6 
0.0894791 0.196011 -0.412211 0 0 0 -0.00196107 0.0200604 0.0779261 
para_Pose7 
-0.420721 -0.911337 -1.68513 0.817751 -0.0430189 0.573754 0.0154641 
para_SpeedBias7 
0.0809336 0.144952 -0.395783 0 0 0 -0.00196107 0.0200604 0.0779261 
imu_factor
para_Pose7 
-0.420721 -0.911337 -1.68513 0.817751 -0.0430189 0.573754 0.0154641 
para_SpeedBias7 
0.0809336 0.144952 -0.395783 0 0 0 -0.00196107 0.0200604 0.0779261 
para_Pose8 
-0.415556 -0.899976 -1.72269 0.817622 -0.048961 0.573392 0.0178241 
para_SpeedBias8 
0.0110935 0.0837873 -0.355079 0 0 0 -0.00196107 0.0200604 0.0779261 
imu_factor
para_Pose8 
-0.415556 -0.899976 -1.72269 0.817622 -0.048961 0.573392 0.0178241 
para_SpeedBias8 
0.0110935 0.0837873 -0.355079 0 0 0 -0.00196107 0.0200604 0.0779261 
para_Pose9 
-0.422128 -0.892821 -1.75652 0.816328 -0.0552062 0.574593 0.0200889 
para_SpeedBias9 
-0.147394 0.063358 -0.322719 0 0 0 -0.00196107 0.0200604 0.0779261 
imu_factor
para_Pose9 
-0.422128 -0.892821 -1.75652 0.816328 -0.0552062 0.574593 0.0200889 
para_SpeedBias9 
-0.147394 0.063358 -0.322719 0 0 0 -0.00196107 0.0200604 0.0779261 
para_Pose10 
-0.445878 -0.886155 -1.7861 0.815321 -0.0631985 0.575373 0.0142576 
para_SpeedBias10 
-0.331244 0.0734015 -0.266869 0 0 0 -0.00196107 0.0200604 0.0779261 
