imu_factor
para_Pose0 
4.84929e-06 -0.000321488 9.2815e-05 0.833122 0.00352074 0.553054 -0.00525778 
para_SpeedBias0 
-0.00169354 -0.0197007 -0.0106715 0 0 0 -0.00196107 0.0200604 0.0779261 
para_Pose1 
2.2608e-05 -0.000315622 0.000102231 0.833124 0.00351575 0.55305 -0.00525848 
para_SpeedBias1 
-0.00202059 -0.0251034 -0.0139376 0 0 0 -0.00196107 0.0200604 0.0779261 
imu_factor
para_Pose1 
2.2608e-05 -0.000315622 0.000102231 0.833124 0.00351575 0.55305 -0.00525848 
para_SpeedBias1 
-0.00202059 -0.0251034 -0.0139376 0 0 0 -0.00196107 0.0200604 0.0779261 
para_Pose2 
3.11028e-05 -0.000256911 2.68987e-05 0.833122 0.00350133 0.553053 -0.00526972 
para_SpeedBias2 
-0.00228916 -0.0297935 -0.0155072 0 0 0 -0.00196107 0.0200604 0.0779261 
imu_factor
para_Pose2 
3.11028e-05 -0.000256911 2.68987e-05 0.833122 0.00350133 0.553053 -0.00526972 
para_SpeedBias2 
-0.00228916 -0.0297935 -0.0155072 0 0 0 -0.00196107 0.0200604 0.0779261 
para_Pose3 
2.9441e-05 -0.000340907 5.39283e-05 0.833121 0.00351623 0.553055 -0.00525551 
para_SpeedBias3 
-0.00287321 -0.0344541 -0.0179857 0 0 0 -0.00196107 0.0200604 0.0779261 
imu_factor
para_Pose3 
2.9441e-05 -0.000340907 5.39283e-05 0.833121 0.00351623 0.553055 -0.00525551 
para_SpeedBias3 
-0.00287321 -0.0344541 -0.0179857 0 0 0 -0.00196107 0.0200604 0.0779261 
para_Pose4 
1.53881e-05 -0.000304425 8.63991e-05 0.833121 0.00350898 0.553055 -0.00526187 
para_SpeedBias4 
-0.00350813 -0.0379336 -0.0199738 0 0 0 -0.00196107 0.0200604 0.0779261 
imu_factor
para_Pose4 
1.53881e-05 -0.000304425 8.63991e-05 0.833121 0.00350898 0.553055 -0.00526187 
para_SpeedBias4 
-0.00350813 -0.0379336 -0.0199738 0 0 0 -0.00196107 0.0200604 0.0779261 
para_Pose5 
-0.0148784 -0.168191 -0.158484 0.832831 0.00345635 0.55349 -0.00548847 
para_SpeedBias5 
-0.00988323 -0.0798302 -0.0905982 0 0 0 -0.00196107 0.0200604 0.0779261 
imu_factor
para_Pose5 
-0.0148784 -0.168191 -0.158484 0.832831 0.00345635 0.55349 -0.00548847 
para_SpeedBias5 
-0.00988323 -0.0798302 -0.0905982 0 0 0 -0.00196107 0.0200604 0.0779261 
para_Pose6 
-0.0157451 -0.175823 -0.167603 0.832824 0.00338702 0.553491 -0.00641716 
para_SpeedBias6 
-0.00484701 -0.0783306 -0.0918087 0 0 0 -0.00196107 0.0200604 0.0779261 
imu_factor
para_Pose6 
-0.0157451 -0.175823 -0.167603 0.832824 0.00338702 0.553491 -0.00641716 
para_SpeedBias6 
-0.00484701 -0.0783306 -0.0918087 0 0 0 -0.00196107 0.0200604 0.0779261 
para_Pose7 
-0.0165344 -0.189847 -0.182013 0.835834 0.00823536 0.548866 -0.00776104 
para_SpeedBias7 
-0.00809105 -0.0567932 -0.00193303 0 0 0 -0.00196107 0.0200604 0.0779261 
imu_factor
para_Pose7 
-0.0165344 -0.189847 -0.182013 0.835834 0.00823536 0.548866 -0.00776104 
para_SpeedBias7 
-0.00809105 -0.0567932 -0.00193303 0 0 0 -0.00196107 0.0200604 0.0779261 
para_Pose8 
-0.0167593 -0.196058 -0.176346 0.833743 0.00893214 0.551931 -0.0128654 
para_SpeedBias8 
0.00680018 -0.0657924 0.117646 0 0 0 -0.00196107 0.0200604 0.0779261 
imu_factor
para_Pose8 
-0.0167593 -0.196058 -0.176346 0.833743 0.00893214 0.551931 -0.0128654 
para_SpeedBias8 
0.00680018 -0.0657924 0.117646 0 0 0 -0.00196107 0.0200604 0.0779261 
para_Pose9 
-0.0148099 -0.203162 -0.15812 0.827807 0.0108768 0.560569 -0.019513 
para_SpeedBias9 
0.0230679 -0.0829741 0.241662 0 0 0 -0.00196107 0.0200604 0.0779261 
imu_factor
para_Pose9 
-0.0148099 -0.203162 -0.15812 0.827807 0.0108768 0.560569 -0.019513 
para_SpeedBias9 
0.0230679 -0.0829741 0.241662 0 0 0 -0.00196107 0.0200604 0.0779261 
para_Pose10 
-0.0125302 -0.211526 -0.130173 0.825779 0.0131863 0.563187 -0.0271233 
para_SpeedBias10 
0.024288 -0.0827838 0.309957 0 0 0 -0.00196107 0.0200604 0.0779261 
