imu_factor
para_Pose0 
-0.0620373 -0.462734 -0.400206 0.839833 0.0517839 0.539975 -0.0206327 
para_SpeedBias0 
-0.0167286 -0.114789 0.199997 0 0 0 -0.00196107 0.0200604 0.0779261 
para_Pose1 
-0.0624427 -0.474162 -0.372472 0.838764 0.05118 0.541335 -0.0284995 
para_SpeedBias1 
0.0095263 -0.108866 0.334311 0 0 0 -0.00196107 0.0200604 0.0779261 
imu_factor
para_Pose1 
-0.0624427 -0.474162 -0.372472 0.838764 0.05118 0.541335 -0.0284995 
para_SpeedBias1 
0.0095263 -0.108866 0.334311 0 0 0 -0.00196107 0.0200604 0.0779261 
para_Pose2 
-0.0602761 -0.484971 -0.335943 0.834196 0.0488294 0.548054 -0.0370138 
para_SpeedBias2 
0.0271235 -0.107345 0.387229 0 0 0 -0.00196107 0.0200604 0.0779261 
imu_factor
para_Pose2 
-0.0602761 -0.484971 -0.335943 0.834196 0.0488294 0.548054 -0.0370138 
para_SpeedBias2 
0.0271235 -0.107345 0.387229 0 0 0 -0.00196107 0.0200604 0.0779261 
para_Pose3 
-0.056885 -0.49523 -0.296933 0.826057 0.047881 0.559979 -0.0419652 
para_SpeedBias3 
0.0430086 -0.0956302 0.379943 0 0 0 -0.00196107 0.0200604 0.0779261 
imu_factor
para_Pose3 
-0.056885 -0.49523 -0.296933 0.826057 0.047881 0.559979 -0.0419652 
para_SpeedBias3 
0.0430086 -0.0956302 0.379943 0 0 0 -0.00196107 0.0200604 0.0779261 
para_Pose4 
-0.0523084 -0.504174 -0.261383 0.818115 0.0441592 0.57181 -0.0420786 
para_SpeedBias4 
0.0500482 -0.0831282 0.319471 0 0 0 -0.00196107 0.0200604 0.0779261 
imu_factor
para_Pose4 
-0.0523084 -0.504174 -0.261383 0.818115 0.0441592 0.57181 -0.0420786 
para_SpeedBias4 
0.0500482 -0.0831282 0.319471 0 0 0 -0.00196107 0.0200604 0.0779261 
para_Pose5 
-0.0482174 -0.511387 -0.236267 0.813191 0.0388401 0.579781 -0.03266 
para_SpeedBias5 
0.0280382 -0.0638965 0.177684 0 0 0 -0.00196107 0.0200604 0.0779261 
imu_factor
para_Pose5 
-0.0482174 -0.511387 -0.236267 0.813191 0.0388401 0.579781 -0.03266 
para_SpeedBias5 
0.0280382 -0.0638965 0.177684 0 0 0 -0.00196107 0.0200604 0.0779261 
para_Pose6 
-0.0463732 -0.518257 -0.226108 0.810619 0.0337349 0.584259 -0.0199853 
para_SpeedBias6 
0.0144809 -0.0627223 0.0293023 0 0 0 -0.00196107 0.0200604 0.0779261 
imu_factor
para_Pose6 
-0.0463732 -0.518257 -0.226108 0.810619 0.0337349 0.584259 -0.0199853 
para_SpeedBias6 
0.0144809 -0.0627223 0.0293023 0 0 0 -0.00196107 0.0200604 0.0779261 
para_Pose7 
-0.0497915 -0.533318 -0.255957 0.807302 0.0371555 0.588291 -0.0282297 
para_SpeedBias7 
-0.0438827 -0.0951663 -0.365828 0 0 0 -0.00196107 0.0200604 0.0779261 
imu_factor
para_Pose7 
-0.0497915 -0.533318 -0.255957 0.807302 0.0371555 0.588291 -0.0282297 
para_SpeedBias7 
-0.0438827 -0.0951663 -0.365828 0 0 0 -0.00196107 0.0200604 0.0779261 
para_Pose8 
-0.0537512 -0.54262 -0.304353 0.804934 0.0410909 0.59146 -0.0238378 
para_SpeedBias8 
-0.0412806 -0.0897056 -0.592548 0 0 0 -0.00196107 0.0200604 0.0779261 
imu_factor
para_Pose8 
-0.0537512 -0.54262 -0.304353 0.804934 0.0410909 0.59146 -0.0238378 
para_SpeedBias8 
-0.0412806 -0.0897056 -0.592548 0 0 0 -0.00196107 0.0200604 0.0779261 
para_Pose9 
-0.0583762 -0.552467 -0.370749 0.805181 0.046079 0.59081 -0.0224362 
para_SpeedBias9 
-0.0598806 -0.101742 -0.72756 0 0 0 -0.00196107 0.0200604 0.0779261 
imu_factor
para_Pose9 
-0.0583762 -0.552467 -0.370749 0.805181 0.046079 0.59081 -0.0224362 
para_SpeedBias9 
-0.0598806 -0.101742 -0.72756 0 0 0 -0.00196107 0.0200604 0.0779261 
para_Pose10 
-0.0653743 -0.562456 -0.447957 0.811037 0.0509734 0.582302 -0.023346 
para_SpeedBias10 
-0.0780349 -0.0927116 -0.801907 0 0 0 -0.00196107 0.0200604 0.0779261 
