imu_factor
para_Pose0 
-0.0101289 -0.220086 -0.0981485 0.828892 0.0128762 0.558021 -0.037223 
para_SpeedBias0 
0.0225253 -0.0856953 0.326686 0 0 0 -0.00196107 0.0200604 0.0779261 
para_Pose1 
-0.00671786 -0.228774 -0.0651559 0.829836 0.0124614 0.555887 -0.0469662 
para_SpeedBias1 
0.0512833 -0.0923435 0.334078 0 0 0 -0.00196107 0.0200604 0.0779261 
imu_factor
para_Pose1 
-0.00671786 -0.228774 -0.0651559 0.829836 0.0124614 0.555887 -0.0469662 
para_SpeedBias1 
0.0512833 -0.0923435 0.334078 0 0 0 -0.00196107 0.0200604 0.0779261 
para_Pose2 
-0.000482023 -0.236602 -0.0308969 0.824942 0.0201082 0.562782 -0.0483907 
para_SpeedBias2 
0.0623736 -0.0686386 0.351716 0 0 0 -0.00196107 0.0200604 0.0779261 
imu_factor
para_Pose2 
-0.000482023 -0.236602 -0.0308969 0.824942 0.0201082 0.562782 -0.0483907 
para_SpeedBias2 
0.0623736 -0.0686386 0.351716 0 0 0 -0.00196107 0.0200604 0.0779261 
para_Pose3 
0.00490104 -0.244117 0.00534706 0.818889 0.024067 0.570594 -0.0571276 
para_SpeedBias3 
0.0492344 -0.0779167 0.367426 0 0 0 -0.00196107 0.0200604 0.0779261 
imu_factor
para_Pose3 
0.00490104 -0.244117 0.00534706 0.818889 0.024067 0.570594 -0.0571276 
para_SpeedBias3 
0.0492344 -0.0779167 0.367426 0 0 0 -0.00196107 0.0200604 0.0779261 
para_Pose4 
0.00834821 -0.254163 0.0414866 0.813327 0.019031 0.57726 -0.0700619 
para_SpeedBias4 
0.0202144 -0.125618 0.345053 0 0 0 -0.00196107 0.0200604 0.0779261 
imu_factor
para_Pose4 
0.00834821 -0.254163 0.0414866 0.813327 0.019031 0.57726 -0.0700619 
para_SpeedBias4 
0.0202144 -0.125618 0.345053 0 0 0 -0.00196107 0.0200604 0.0779261 
para_Pose5 
0.009526 -0.26835 0.0697979 0.809208 0.0160413 0.582585 -0.0742884 
para_SpeedBias5 
0.00711394 -0.14875 0.209998 0 0 0 -0.00196107 0.0200604 0.0779261 
imu_factor
para_Pose5 
0.009526 -0.26835 0.0697979 0.809208 0.0160413 0.582585 -0.0742884 
para_SpeedBias5 
0.00711394 -0.14875 0.209998 0 0 0 -0.00196107 0.0200604 0.0779261 
para_Pose6 
0.00222905 -0.318435 0.034424 0.803886 0.0157752 0.591475 -0.0606393 
para_SpeedBias6 
-0.0235919 -0.158849 -0.479571 0 0 0 -0.00196107 0.0200604 0.0779261 
imu_factor
para_Pose6 
0.00222905 -0.318435 0.034424 0.803886 0.0157752 0.591475 -0.0606393 
para_SpeedBias6 
-0.0235919 -0.158849 -0.479571 0 0 0 -0.00196107 0.0200604 0.0779261 
para_Pose7 
-0.000564377 -0.335167 -0.0210656 0.80483 0.0164509 0.590494 -0.0574034 
para_SpeedBias7 
-0.0319574 -0.179539 -0.610139 0 0 0 -0.00196107 0.0200604 0.0779261 
imu_factor
para_Pose7 
-0.000564377 -0.335167 -0.0210656 0.80483 0.0164509 0.590494 -0.0574034 
para_SpeedBias7 
-0.0319574 -0.179539 -0.610139 0 0 0 -0.00196107 0.0200604 0.0779261 
para_Pose8 
-0.0060637 -0.353544 -0.0857481 0.811643 0.0202097 0.581538 -0.0513809 
para_SpeedBias8 
-0.0697226 -0.184556 -0.672992 0 0 0 -0.00196107 0.0200604 0.0779261 
imu_factor
para_Pose8 
-0.0060637 -0.353544 -0.0857481 0.811643 0.0202097 0.581538 -0.0513809 
para_SpeedBias8 
-0.0697226 -0.184556 -0.672992 0 0 0 -0.00196107 0.0200604 0.0779261 
para_Pose9 
-0.013792 -0.372392 -0.153964 0.821935 0.0241002 0.567382 -0.0438231 
para_SpeedBias9 
-0.0855582 -0.188552 -0.684573 0 0 0 -0.00196107 0.0200604 0.0779261 
imu_factor
para_Pose9 
-0.013792 -0.372392 -0.153964 0.821935 0.0241002 0.567382 -0.0438231 
para_SpeedBias9 
-0.0855582 -0.188552 -0.684573 0 0 0 -0.00196107 0.0200604 0.0779261 
para_Pose10 
-0.0223811 -0.390944 -0.221261 0.828935 0.0270496 0.557337 -0.0388617 
para_SpeedBias10 
-0.0867565 -0.180312 -0.658382 0 0 0 -0.00196107 0.0200604 0.0779261 
