imu_factor
para_Pose0 
-0.230971 -0.929035 -1.00194 0.819762 -0.0153732 0.572476 -0.00503078 
para_SpeedBias0 
-0.217756 -0.660478 -0.252414 0 0 0 -0.00196107 0.0200604 0.0779261 
para_Pose1 
-0.254418 -0.997428 -1.02827 0.815643 -0.022572 0.578115 0.000518454 
para_SpeedBias1 
-0.250334 -0.709216 -0.271268 0 0 0 -0.00196107 0.0200604 0.0779261 
imu_factor
para_Pose1 
-0.254418 -0.997428 -1.02827 0.815643 -0.022572 0.578115 0.000518454 
para_SpeedBias1 
-0.250334 -0.709216 -0.271268 0 0 0 -0.00196107 0.0200604 0.0779261 
para_Pose2 
-0.280036 -1.06934 -1.05672 0.813417 -0.0262037 0.580983 0.0111443 
para_SpeedBias2 
-0.265619 -0.708417 -0.299152 0 0 0 -0.00196107 0.0200604 0.0779261 
imu_factor
para_Pose2 
-0.280036 -1.06934 -1.05672 0.813417 -0.0262037 0.580983 0.0111443 
para_SpeedBias2 
-0.265619 -0.708417 -0.299152 0 0 0 -0.00196107 0.0200604 0.0779261 
para_Pose3 
-0.307185 -1.13853 -1.08702 0.8146 -0.0302483 0.579015 0.0158964 
para_SpeedBias3 
-0.273134 -0.672141 -0.309562 0 0 0 -0.00196107 0.0200604 0.0779261 
imu_factor
para_Pose3 
-0.307185 -1.13853 -1.08702 0.8146 -0.0302483 0.579015 0.0158964 
para_SpeedBias3 
-0.273134 -0.672141 -0.309562 0 0 0 -0.00196107 0.0200604 0.0779261 
para_Pose4 
-0.333822 -1.20361 -1.11795 0.818862 -0.0400629 0.572168 0.0220043 
para_SpeedBias4 
-0.259165 -0.627413 -0.309158 0 0 0 -0.00196107 0.0200604 0.0779261 
imu_factor
para_Pose4 
-0.333822 -1.20361 -1.11795 0.818862 -0.0400629 0.572168 0.0220043 
para_SpeedBias4 
-0.259165 -0.627413 -0.309158 0 0 0 -0.00196107 0.0200604 0.0779261 
para_Pose5 
-0.358719 -1.26315 -1.14778 0.822355 -0.0550494 0.565496 0.0302653 
para_SpeedBias5 
-0.239713 -0.55882 -0.29047 0 0 0 -0.00196107 0.0200604 0.0779261 
imu_factor
para_Pose5 
-0.358719 -1.26315 -1.14778 0.822355 -0.0550494 0.565496 0.0302653 
para_SpeedBias5 
-0.239713 -0.55882 -0.29047 0 0 0 -0.00196107 0.0200604 0.0779261 
para_Pose6 
-0.380667 -1.31358 -1.17601 0.82162 -0.0697354 0.564398 0.0391357 
para_SpeedBias6 
-0.199642 -0.44493 -0.278895 0 0 0 -0.00196107 0.0200604 0.0779261 
imu_factor
para_Pose6 
-0.380667 -1.31358 -1.17601 0.82162 -0.0697354 0.564398 0.0391357 
para_SpeedBias6 
-0.199642 -0.44493 -0.278895 0 0 0 -0.00196107 0.0200604 0.0779261 
para_Pose7 
-0.398129 -1.34988 -1.20388 0.816961 -0.0812735 0.56839 0.0538704 
para_SpeedBias7 
-0.151678 -0.26922 -0.283452 0 0 0 -0.00196107 0.0200604 0.0779261 
imu_factor
para_Pose7 
-0.398129 -1.34988 -1.20388 0.816961 -0.0812735 0.56839 0.0538704 
para_SpeedBias7 
-0.151678 -0.26922 -0.283452 0 0 0 -0.00196107 0.0200604 0.0779261 
para_Pose8 
-0.411484 -1.36688 -1.23363 0.81205 -0.0875639 0.57296 0.068009 
para_SpeedBias8 
-0.115569 -0.0680544 -0.310964 0 0 0 -0.00196107 0.0200604 0.0779261 
imu_factor
para_Pose8 
-0.411484 -1.36688 -1.23363 0.81205 -0.0875639 0.57296 0.068009 
para_SpeedBias8 
-0.115569 -0.0680544 -0.310964 0 0 0 -0.00196107 0.0200604 0.0779261 
para_Pose9 
-0.426976 -1.33955 -1.30154 0.810011 -0.0895824 0.574649 0.0750736 
para_SpeedBias9 
-0.0460562 0.327326 -0.365547 0 0 0 -0.00196107 0.0200604 0.0779261 
imu_factor
para_Pose9 
-0.426976 -1.33955 -1.30154 0.810011 -0.0895824 0.574649 0.0750736 
para_SpeedBias9 
-0.0460562 0.327326 -0.365547 0 0 0 -0.00196107 0.0200604 0.0779261 
para_Pose10 
-0.43021 -1.29998 -1.33878 0.810703 -0.0831973 0.575013 0.0720986 
para_SpeedBias10 
-0.0172191 0.450372 -0.372471 0 0 0 -0.00196107 0.0200604 0.0779261 
