imu_factor
para_Pose0 
-0.444297 -1.02538 -1.50171 0.815047 -0.0473759 0.577071 0.0210582 
para_SpeedBias0 
0.0494608 0.514707 -0.259117 -0.027649 0.0189074 -0.0286965 -0.00193741 0.0201466 0.0777974 
para_Pose1 
-0.435531 -0.979444 -1.52825 0.815921 -0.0373584 0.576855 0.0107463 
para_SpeedBias1 
0.115059 0.39813 -0.268543 -0.027649 0.0189074 -0.0286965 -0.00193741 0.0201466 0.0777974 
imu_factor
para_Pose1 
-0.435531 -0.979444 -1.52825 0.815921 -0.0373584 0.576855 0.0107463 
para_SpeedBias1 
0.115059 0.39813 -0.268543 -0.027649 0.0189074 -0.0286965 -0.00193741 0.0201466 0.0777974 
para_Pose2 
-0.422544 -0.945697 -1.55506 0.814523 -0.032114 0.579168 0.00925804 
para_SpeedBias2 
0.149011 0.285409 -0.260647 -0.027649 0.0189074 -0.0286965 -0.00193741 0.0201466 0.0777974 
imu_factor
para_Pose2 
-0.422544 -0.945697 -1.55506 0.814523 -0.032114 0.579168 0.00925804 
para_SpeedBias2 
0.149011 0.285409 -0.260647 -0.027649 0.0189074 -0.0286965 -0.00193741 0.0201466 0.0777974 
para_Pose3 
-0.407354 -0.921068 -1.58071 0.815133 -0.0324866 0.578243 0.0117425 
para_SpeedBias3 
0.149072 0.211993 -0.24985 -0.027649 0.0189074 -0.0286965 -0.00193741 0.0201466 0.0777974 
imu_factor
para_Pose3 
-0.407354 -0.921068 -1.58071 0.815133 -0.0324866 0.578243 0.0117425 
para_SpeedBias3 
0.149072 0.211993 -0.24985 -0.027649 0.0189074 -0.0286965 -0.00193741 0.0201466 0.0777974 
para_Pose4 
-0.392364 -0.902708 -1.60507 0.81718 -0.0401863 0.57486 0.011744 
para_SpeedBias4 
0.142039 0.159708 -0.231923 -0.027649 0.0189074 -0.0286965 -0.00193741 0.0201466 0.0777974 
imu_factor
para_Pose4 
-0.392364 -0.902708 -1.60507 0.81718 -0.0401863 0.57486 0.011744 
para_SpeedBias4 
0.142039 0.159708 -0.231923 -0.027649 0.0189074 -0.0286965 -0.00193741 0.0201466 0.0777974 
para_Pose5 
-0.38101 -0.889962 -1.62618 0.81707 -0.0461352 0.574517 0.014097 
para_SpeedBias5 
0.0737591 0.0966356 -0.18992 -0.027649 0.0189074 -0.0286965 -0.00193741 0.0201466 0.0777974 
imu_factor
para_Pose5 
-0.38101 -0.889962 -1.62618 0.81707 -0.0461352 0.574517 0.014097 
para_SpeedBias5 
0.0737591 0.0966356 -0.18992 -0.027649 0.0189074 -0.0286965 -0.00193741 0.0201466 0.0777974 
para_Pose6 
-0.381253 -0.881656 -1.64343 0.815808 -0.0523995 0.575712 0.0163428 
para_SpeedBias6 
-0.0834999 0.0734734 -0.156386 -0.027649 0.0189074 -0.0286965 -0.00193741 0.0201466 0.0777974 
imu_factor
para_Pose6 
-0.381253 -0.881656 -1.64343 0.815808 -0.0523995 0.575712 0.0163428 
para_SpeedBias6 
-0.0834999 0.0734734 -0.156386 -0.027649 0.0189074 -0.0286965 -0.00193741 0.0201466 0.0777974 
para_Pose7 
-0.398567 -0.87413 -1.65632 0.814815 -0.0603815 0.576472 0.0104978 
para_SpeedBias7 
-0.266452 0.0804259 -0.0993166 -0.027649 0.0189074 -0.0286965 -0.00193741 0.0201466 0.0777974 
imu_factor
para_Pose7 
-0.398567 -0.87413 -1.65632 0.814815 -0.0603815 0.576472 0.0104978 
para_SpeedBias7 
-0.266452 0.0804259 -0.0993166 -0.027649 0.0189074 -0.0286965 -0.00193741 0.0201466 0.0777974 
para_Pose8 
-0.483673 -0.849539 -1.67226 0.816006 -0.0617365 0.574499 0.0165064 
para_SpeedBias8 
-0.543628 0.180101 -0.127263 -0.027649 0.0189074 -0.0286965 -0.00193741 0.0201466 0.0777974 
imu_factor
para_Pose8 
-0.483673 -0.849539 -1.67226 0.816006 -0.0617365 0.574499 0.0165064 
para_SpeedBias8 
-0.543628 0.180101 -0.127263 -0.027649 0.0189074 -0.0286965 -0.00193741 0.0201466 0.0777974 
para_Pose9 
-0.541848 -0.828536 -1.69043 0.81715 -0.0546967 0.572911 0.0323718 
para_SpeedBias9 
-0.607959 0.22779 -0.233876 -0.027649 0.0189074 -0.0286965 -0.00193741 0.0201466 0.0777974 
imu_factor
para_Pose9 
-0.541848 -0.828536 -1.69043 0.81715 -0.0546967 0.572911 0.0323718 
para_SpeedBias9 
-0.607959 0.22779 -0.233876 -0.027649 0.0189074 -0.0286965 -0.00193741 0.0201466 0.0777974 
para_Pose10 
-0.604643 -0.804727 -1.7184 0.820348 -0.0498162 0.568252 0.0404507 
para_SpeedBias10 
-0.636573 0.23869 -0.330236 -0.027649 0.0189074 -0.0286965 -0.00193741 0.0201466 0.0777974 
