imu_factor
para_Pose0 
-0.0583762 -0.552467 -0.370749 0.805181 0.046079 0.59081 -0.0224362 
para_SpeedBias0 
-0.0598806 -0.101742 -0.72756 0 0 0 -0.00196107 0.0200604 0.0779261 
para_Pose1 
-0.0653743 -0.562456 -0.447957 0.811037 0.0509734 0.582302 -0.023346 
para_SpeedBias1 
-0.0780349 -0.0927116 -0.801907 0 0 0 -0.00196107 0.0200604 0.0779261 
imu_factor
para_Pose1 
-0.0653743 -0.562456 -0.447957 0.811037 0.0509734 0.582302 -0.023346 
para_SpeedBias1 
-0.0780349 -0.0927116 -0.801907 0 0 0 -0.00196107 0.0200604 0.0779261 
para_Pose2 
-0.0748186 -0.571114 -0.528723 0.822294 0.0544044 0.565741 -0.0284642 
para_SpeedBias2 
-0.108636 -0.0817348 -0.800442 0 0 0 -0.00196107 0.0200604 0.0779261 
imu_factor
para_Pose2 
-0.0748186 -0.571114 -0.528723 0.822294 0.0544044 0.565741 -0.0284642 
para_SpeedBias2 
-0.108636 -0.0817348 -0.800442 0 0 0 -0.00196107 0.0200604 0.0779261 
para_Pose3 
-0.0859531 -0.579406 -0.606717 0.833745 0.0550984 0.548112 -0.0374888 
para_SpeedBias3 
-0.114017 -0.0954317 -0.75451 0 0 0 -0.00196107 0.0200604 0.0779261 
imu_factor
para_Pose3 
-0.0859531 -0.579406 -0.606717 0.833745 0.0550984 0.548112 -0.0374888 
para_SpeedBias3 
-0.114017 -0.0954317 -0.75451 0 0 0 -0.00196107 0.0200604 0.0779261 
para_Pose4 
-0.0967788 -0.589052 -0.678317 0.839656 0.0532611 0.538955 -0.040854 
para_SpeedBias4 
-0.102825 -0.101949 -0.67593 0 0 0 -0.00196107 0.0200604 0.0779261 
imu_factor
para_Pose4 
-0.0967788 -0.589052 -0.678317 0.839656 0.0532611 0.538955 -0.040854 
para_SpeedBias4 
-0.102825 -0.101949 -0.67593 0 0 0 -0.00196107 0.0200604 0.0779261 
para_Pose5 
-0.106133 -0.5989 -0.741555 0.840243 0.0489505 0.538573 -0.0391664 
para_SpeedBias5 
-0.0901079 -0.0940979 -0.59193 0 0 0 -0.00196107 0.0200604 0.0779261 
imu_factor
para_Pose5 
-0.106133 -0.5989 -0.741555 0.840243 0.0489505 0.538573 -0.0391664 
para_SpeedBias5 
-0.0901079 -0.0940979 -0.59193 0 0 0 -0.00196107 0.0200604 0.0779261 
para_Pose6 
-0.114819 -0.607699 -0.796195 0.837267 0.043068 0.543991 -0.0346969 
para_SpeedBias6 
-0.0847234 -0.0880523 -0.502214 0 0 0 -0.00196107 0.0200604 0.0779261 
imu_factor
para_Pose6 
-0.114819 -0.607699 -0.796195 0.837267 0.043068 0.543991 -0.0346969 
para_SpeedBias6 
-0.0847234 -0.0880523 -0.502214 0 0 0 -0.00196107 0.0200604 0.0779261 
para_Pose7 
-0.12459 -0.619438 -0.84162 0.834222 0.0402596 0.54936 -0.0256139 
para_SpeedBias7 
-0.113748 -0.16146 -0.404018 0 0 0 -0.00196107 0.0200604 0.0779261 
imu_factor
para_Pose7 
-0.12459 -0.619438 -0.84162 0.834222 0.0402596 0.54936 -0.0256139 
para_SpeedBias7 
-0.113748 -0.16146 -0.404018 0 0 0 -0.00196107 0.0200604 0.0779261 
para_Pose8 
-0.136254 -0.641077 -0.876979 0.834501 0.0398939 0.549221 -0.0193022 
para_SpeedBias8 
-0.112079 -0.274185 -0.309309 0 0 0 -0.00196107 0.0200604 0.0779261 
imu_factor
para_Pose8 
-0.136254 -0.641077 -0.876979 0.834501 0.0398939 0.549221 -0.0193022 
para_SpeedBias8 
-0.112079 -0.274185 -0.309309 0 0 0 -0.00196107 0.0200604 0.0779261 
para_Pose9 
-0.147697 -0.673673 -0.904065 0.837116 0.033464 0.545754 -0.0164473 
para_SpeedBias9 
-0.118137 -0.372193 -0.229533 0 0 0 -0.00196107 0.0200604 0.0779261 
imu_factor
para_Pose9 
-0.147697 -0.673673 -0.904065 0.837116 0.033464 0.545754 -0.0164473 
para_SpeedBias9 
-0.118137 -0.372193 -0.229533 0 0 0 -0.00196107 0.0200604 0.0779261 
para_Pose10 
-0.160124 -0.714447 -0.92356 0.838166 0.0239885 0.544705 -0.0140991 
para_SpeedBias10 
-0.130979 -0.436535 -0.167754 0 0 0 -0.00196107 0.0200604 0.0779261 
