imu_factor
para_Pose0 
-0.333822 -1.20361 -1.11795 0.818862 -0.0400629 0.572168 0.0220043 
para_SpeedBias0 
-0.259165 -0.627413 -0.309158 0 0 0 -0.00196107 0.0200604 0.0779261 
para_Pose1 
-0.358719 -1.26315 -1.14778 0.822355 -0.0550494 0.565496 0.0302653 
para_SpeedBias1 
-0.239713 -0.55882 -0.29047 0 0 0 -0.00196107 0.0200604 0.0779261 
imu_factor
para_Pose1 
-0.358719 -1.26315 -1.14778 0.822355 -0.0550494 0.565496 0.0302653 
para_SpeedBias1 
-0.239713 -0.55882 -0.29047 0 0 0 -0.00196107 0.0200604 0.0779261 
para_Pose2 
-0.380667 -1.31358 -1.17601 0.82162 -0.0697354 0.564398 0.0391357 
para_SpeedBias2 
-0.199642 -0.44493 -0.278895 0 0 0 -0.00196107 0.0200604 0.0779261 
imu_factor
para_Pose2 
-0.380667 -1.31358 -1.17601 0.82162 -0.0697354 0.564398 0.0391357 
para_SpeedBias2 
-0.199642 -0.44493 -0.278895 0 0 0 -0.00196107 0.0200604 0.0779261 
para_Pose3 
-0.398129 -1.34988 -1.20388 0.816961 -0.0812735 0.56839 0.0538704 
para_SpeedBias3 
-0.151678 -0.26922 -0.283452 0 0 0 -0.00196107 0.0200604 0.0779261 
imu_factor
para_Pose3 
-0.398129 -1.34988 -1.20388 0.816961 -0.0812735 0.56839 0.0538704 
para_SpeedBias3 
-0.151678 -0.26922 -0.283452 0 0 0 -0.00196107 0.0200604 0.0779261 
para_Pose4 
-0.411484 -1.36688 -1.23363 0.81205 -0.0875639 0.57296 0.068009 
para_SpeedBias4 
-0.115569 -0.0680544 -0.310964 0 0 0 -0.00196107 0.0200604 0.0779261 
imu_factor
para_Pose4 
-0.411484 -1.36688 -1.23363 0.81205 -0.0875639 0.57296 0.068009 
para_SpeedBias4 
-0.115569 -0.0680544 -0.310964 0 0 0 -0.00196107 0.0200604 0.0779261 
para_Pose5 
-0.426976 -1.33955 -1.30154 0.810011 -0.0895824 0.574649 0.0750736 
para_SpeedBias5 
-0.0460562 0.327326 -0.365547 0 0 0 -0.00196107 0.0200604 0.0779261 
imu_factor
para_Pose5 
-0.426976 -1.33955 -1.30154 0.810011 -0.0895824 0.574649 0.0750736 
para_SpeedBias5 
-0.0460562 0.327326 -0.365547 0 0 0 -0.00196107 0.0200604 0.0779261 
para_Pose6 
-0.43021 -1.29998 -1.33878 0.810703 -0.0831973 0.575013 0.0720986 
para_SpeedBias6 
-0.0172191 0.450372 -0.372471 0 0 0 -0.00196107 0.0200604 0.0779261 
imu_factor
para_Pose6 
-0.43021 -1.29998 -1.33878 0.810703 -0.0831973 0.575013 0.0720986 
para_SpeedBias6 
-0.0172191 0.450372 -0.372471 0 0 0 -0.00196107 0.0200604 0.0779261 
para_Pose7 
-0.43172 -1.25087 -1.37495 0.813241 -0.0775373 0.573317 0.0627324 
para_SpeedBias7 
-0.0220905 0.529006 -0.344845 0 0 0 -0.00196107 0.0200604 0.0779261 
imu_factor
para_Pose7 
-0.43172 -1.25087 -1.37495 0.813241 -0.0775373 0.573317 0.0627324 
para_SpeedBias7 
-0.0220905 0.529006 -0.344845 0 0 0 -0.00196107 0.0200604 0.0779261 
para_Pose8 
-0.434759 -1.19554 -1.40825 0.815715 -0.0732427 0.571702 0.0490038 
para_SpeedBias8 
-0.0408054 0.568196 -0.326527 0 0 0 -0.00196107 0.0200604 0.0779261 
imu_factor
para_Pose8 
-0.434759 -1.19554 -1.40825 0.815715 -0.0732427 0.571702 0.0490038 
para_SpeedBias8 
-0.0408054 0.568196 -0.326527 0 0 0 -0.00196107 0.0200604 0.0779261 
para_Pose9 
-0.439424 -1.13828 -1.44093 0.815048 -0.0672992 0.573838 0.0433325 
para_SpeedBias9 
-0.0505814 0.582317 -0.341288 0 0 0 -0.00196107 0.0200604 0.0779261 
imu_factor
para_Pose9 
-0.439424 -1.13828 -1.44093 0.815048 -0.0672992 0.573838 0.0433325 
para_SpeedBias9 
-0.0505814 0.582317 -0.341288 0 0 0 -0.00196107 0.0200604 0.0779261 
para_Pose10 
-0.445557 -1.08049 -1.47727 0.81428 -0.0595319 0.576347 0.0350481 
para_SpeedBias10 
-0.0635667 0.564049 -0.38212 0 0 0 -0.00196107 0.0200604 0.0779261 
