imu_factor
para_Pose0 
-0.013792 -0.372392 -0.153964 0.821935 0.0241002 0.567382 -0.0438231 
para_SpeedBias0 
-0.0855582 -0.188552 -0.684573 0 0 0 -0.00196107 0.0200604 0.0779261 
para_Pose1 
-0.0223811 -0.390944 -0.221261 0.828935 0.0270496 0.557337 -0.0388617 
para_SpeedBias1 
-0.0867565 -0.180312 -0.658382 0 0 0 -0.00196107 0.0200604 0.0779261 
imu_factor
para_Pose1 
-0.0223811 -0.390944 -0.221261 0.828935 0.0270496 0.557337 -0.0388617 
para_SpeedBias1 
-0.0867565 -0.180312 -0.658382 0 0 0 -0.00196107 0.0200604 0.0779261 
para_Pose2 
-0.0317158 -0.408353 -0.285382 0.831338 0.0297728 0.553765 -0.0365335 
para_SpeedBias2 
-0.10272 -0.168273 -0.619598 0 0 0 -0.00196107 0.0200604 0.0779261 
imu_factor
para_Pose2 
-0.0317158 -0.408353 -0.285382 0.831338 0.0297728 0.553765 -0.0365335 
para_SpeedBias2 
-0.10272 -0.168273 -0.619598 0 0 0 -0.00196107 0.0200604 0.0779261 
para_Pose3 
-0.0424064 -0.42565 -0.343349 0.830889 0.0340958 0.554627 -0.0291444 
para_SpeedBias3 
-0.105453 -0.158395 -0.527262 0 0 0 -0.00196107 0.0200604 0.0779261 
imu_factor
para_Pose3 
-0.0424064 -0.42565 -0.343349 0.830889 0.0340958 0.554627 -0.0291444 
para_SpeedBias3 
-0.105453 -0.158395 -0.527262 0 0 0 -0.00196107 0.0200604 0.0779261 
para_Pose4 
-0.0519456 -0.439952 -0.387384 0.832318 0.0417219 0.55236 -0.0201022 
para_SpeedBias4 
-0.0793875 -0.126016 -0.337063 0 0 0 -0.00196107 0.0200604 0.0779261 
imu_factor
para_Pose4 
-0.0519456 -0.439952 -0.387384 0.832318 0.0417219 0.55236 -0.0201022 
para_SpeedBias4 
-0.0793875 -0.126016 -0.337063 0 0 0 -0.00196107 0.0200604 0.0779261 
para_Pose5 
-0.0585064 -0.451757 -0.407686 0.836587 0.0492689 0.545376 -0.0161146 
para_SpeedBias5 
-0.0525445 -0.11382 -0.0640492 0 0 0 -0.00196107 0.0200604 0.0779261 
imu_factor
para_Pose5 
-0.0585064 -0.451757 -0.407686 0.836587 0.0492689 0.545376 -0.0161146 
para_SpeedBias5 
-0.0525445 -0.11382 -0.0640492 0 0 0 -0.00196107 0.0200604 0.0779261 
para_Pose6 
-0.0620373 -0.462734 -0.400206 0.839833 0.0517839 0.539975 -0.0206327 
para_SpeedBias6 
-0.0167286 -0.114789 0.199997 0 0 0 -0.00196107 0.0200604 0.0779261 
imu_factor
para_Pose6 
-0.0620373 -0.462734 -0.400206 0.839833 0.0517839 0.539975 -0.0206327 
para_SpeedBias6 
-0.0167286 -0.114789 0.199997 0 0 0 -0.00196107 0.0200604 0.0779261 
para_Pose7 
-0.0624427 -0.474162 -0.372472 0.838764 0.05118 0.541335 -0.0284995 
para_SpeedBias7 
0.0095263 -0.108866 0.334311 0 0 0 -0.00196107 0.0200604 0.0779261 
imu_factor
para_Pose7 
-0.0624427 -0.474162 -0.372472 0.838764 0.05118 0.541335 -0.0284995 
para_SpeedBias7 
0.0095263 -0.108866 0.334311 0 0 0 -0.00196107 0.0200604 0.0779261 
para_Pose8 
-0.0602761 -0.484971 -0.335943 0.834196 0.0488294 0.548054 -0.0370138 
para_SpeedBias8 
0.0271235 -0.107345 0.387229 0 0 0 -0.00196107 0.0200604 0.0779261 
imu_factor
para_Pose8 
-0.0602761 -0.484971 -0.335943 0.834196 0.0488294 0.548054 -0.0370138 
para_SpeedBias8 
0.0271235 -0.107345 0.387229 0 0 0 -0.00196107 0.0200604 0.0779261 
para_Pose9 
-0.056885 -0.49523 -0.296933 0.826057 0.047881 0.559979 -0.0419652 
para_SpeedBias9 
0.0430086 -0.0956302 0.379943 0 0 0 -0.00196107 0.0200604 0.0779261 
imu_factor
para_Pose9 
-0.056885 -0.49523 -0.296933 0.826057 0.047881 0.559979 -0.0419652 
para_SpeedBias9 
0.0430086 -0.0956302 0.379943 0 0 0 -0.00196107 0.0200604 0.0779261 
para_Pose10 
-0.0523084 -0.504174 -0.261383 0.818115 0.0441592 0.57181 -0.0420786 
para_SpeedBias10 
0.0500482 -0.0831282 0.319471 0 0 0 -0.00196107 0.0200604 0.0779261 
