imu_factor
para_Pose0 
-0.541848 -0.828536 -1.69043 0.81715 -0.0546967 0.572911 0.0323718 
para_SpeedBias0 
-0.607959 0.22779 -0.233876 -0.027649 0.0189074 -0.0286965 -0.00193741 0.0201466 0.0777974 
para_Pose1 
-0.604643 -0.804727 -1.7184 0.820348 -0.0498162 0.568252 0.0404507 
para_SpeedBias1 
-0.636573 0.23869 -0.330236 -0.027649 0.0189074 -0.0286965 -0.00193741 0.0201466 0.0777974 
imu_factor
para_Pose1 
-0.604643 -0.804727 -1.7184 0.820348 -0.0498162 0.568252 0.0404507 
para_SpeedBias1 
-0.636573 0.23869 -0.330236 -0.027649 0.0189074 -0.0286965 -0.00193741 0.0201466 0.0777974 
para_Pose2 
-0.666753 -0.781737 -1.75662 0.828025 -0.046336 0.557155 0.042497 
para_SpeedBias2 
-0.589254 0.224128 -0.429023 -0.027649 0.0189074 -0.0286965 -0.00193741 0.0201466 0.0777974 
imu_factor
para_Pose2 
-0.666753 -0.781737 -1.75662 0.828025 -0.046336 0.557155 0.042497 
para_SpeedBias2 
-0.589254 0.224128 -0.429023 -0.027649 0.0189074 -0.0286965 -0.00193741 0.0201466 0.0777974 
para_Pose3 
-0.722706 -0.760888 -1.80225 0.839263 -0.0447954 0.540475 0.0389646 
para_SpeedBias3 
-0.52845 0.190328 -0.473156 -0.027649 0.0189074 -0.0286965 -0.00193741 0.0201466 0.0777974 
imu_factor
para_Pose3 
-0.722706 -0.760888 -1.80225 0.839263 -0.0447954 0.540475 0.0389646 
para_SpeedBias3 
-0.52845 0.190328 -0.473156 -0.027649 0.0189074 -0.0286965 -0.00193741 0.0201466 0.0777974 
para_Pose4 
-0.771847 -0.74341 -1.84988 0.846708 -0.0415745 0.528917 0.0400507 
para_SpeedBias4 
-0.454212 0.168754 -0.470726 -0.027649 0.0189074 -0.0286965 -0.00193741 0.0201466 0.0777974 
imu_factor
para_Pose4 
-0.771847 -0.74341 -1.84988 0.846708 -0.0415745 0.528917 0.0400507 
para_SpeedBias4 
-0.454212 0.168754 -0.470726 -0.027649 0.0189074 -0.0286965 -0.00193741 0.0201466 0.0777974 
para_Pose5 
-0.814097 -0.726495 -1.89643 0.846769 -0.0395159 0.528978 0.0400473 
para_SpeedBias5 
-0.39065 0.164067 -0.456511 -0.027649 0.0189074 -0.0286965 -0.00193741 0.0201466 0.0777974 
imu_factor
para_Pose5 
-0.814097 -0.726495 -1.89643 0.846769 -0.0395159 0.528978 0.0400473 
para_SpeedBias5 
-0.39065 0.164067 -0.456511 -0.027649 0.0189074 -0.0286965 -0.00193741 0.0201466 0.0777974 
para_Pose6 
-0.850648 -0.710474 -1.94091 0.840686 -0.0401344 0.538628 0.0389289 
para_SpeedBias6 
-0.347554 0.15236 -0.428991 -0.027649 0.0189074 -0.0286965 -0.00193741 0.0201466 0.0777974 
imu_factor
para_Pose6 
-0.850648 -0.710474 -1.94091 0.840686 -0.0401344 0.538628 0.0389289 
para_SpeedBias6 
-0.347554 0.15236 -0.428991 -0.027649 0.0189074 -0.0286965 -0.00193741 0.0201466 0.0777974 
para_Pose7 
-0.882863 -0.696538 -1.98126 0.835711 -0.0404049 0.54629 0.0390063 
para_SpeedBias7 
-0.291633 0.123313 -0.375824 -0.027649 0.0189074 -0.0286965 -0.00193741 0.0201466 0.0777974 
imu_factor
para_Pose7 
-0.882863 -0.696538 -1.98126 0.835711 -0.0404049 0.54629 0.0390063 
para_SpeedBias7 
-0.291633 0.123313 -0.375824 -0.027649 0.0189074 -0.0286965 -0.00193741 0.0201466 0.0777974 
para_Pose8 
-0.928533 -0.676967 -2.05071 0.837424 -0.0429872 0.54339 0.0400127 
para_SpeedBias8 
-0.189355 0.0830345 -0.331357 -0.027649 0.0189074 -0.0286965 -0.00193741 0.0201466 0.0777974 
imu_factor
para_Pose8 
-0.928533 -0.676967 -2.05071 0.837424 -0.0429872 0.54339 0.0400127 
para_SpeedBias8 
-0.189355 0.0830345 -0.331357 -0.027649 0.0189074 -0.0286965 -0.00193741 0.0201466 0.0777974 
para_Pose9 
-0.946549 -0.669146 -2.08399 0.837802 -0.0489132 0.542124 0.0423794 
para_SpeedBias9 
-0.174884 0.0765841 -0.335455 -0.027649 0.0189074 -0.0286965 -0.00193741 0.0201466 0.0777974 
imu_factor
para_Pose9 
-0.946549 -0.669146 -2.08399 0.837802 -0.0489132 0.542124 0.0423794 
para_SpeedBias9 
-0.174884 0.0765841 -0.335455 -0.027649 0.0189074 -0.0286965 -0.00193741 0.0201466 0.0777974 
para_Pose10 
-0.965409 -0.662285 -2.11771 0.837001 -0.05498 0.542678 0.0436699 
para_SpeedBias10 
-0.204432 0.0634338 -0.33507 -0.027649 0.0189074 -0.0286965 -0.00193741 0.0201466 0.0777974 
