1.40364e+09 -5.0541e-06 -0.000429178 0.000125896 -0.005267 0.833125 0.00351259 0.553049
1.40364e+09 -0.000525516 -0.00532733 -0.00238666 -0.00523941 0.833095 0.00348845 0.553094
1.40364e+09 -0.00107412 -0.0103716 -0.00513141 -0.00525033 0.833063 0.00347415 0.553142
1.40364e+09 -0.00157777 -0.015606 -0.00818239 -0.00521657 0.833066 0.00349559 0.553138
1.40364e+09 -0.00207533 -0.0210171 -0.0114983 -0.00522637 0.833056 0.00347037 0.553153
1.40364e+09 -0.00254571 -0.0265394 -0.0150057 -0.00521618 0.833045 0.0034989 0.553169
1.40364e+09 -0.00303794 -0.0321702 -0.0188459 -0.00521743 0.833067 0.00354175 0.553137
1.40364e+09 -0.00352031 -0.0377974 -0.022983 -0.00522111 0.833064 0.00350209 0.553141
1.40364e+09 -0.00399978 -0.0434091 -0.0273808 -0.00521972 0.833061 0.00347162 0.553146
1.40364e+09 -0.00442646 -0.0490672 -0.0320881 -0.0052561 0.833065 0.00347261 0.553139
1.40364e+09 -0.00487254 -0.0548285 -0.0370107 -0.0052476 0.833044 0.00346232 0.553171
1.40364e+09 -0.00533748 -0.0606661 -0.0421581 -0.00523095 0.833051 0.00345957 0.55316
1.40364e+09 -0.00579064 -0.066651 -0.0474952 -0.00521239 0.83303 0.00350859 0.553192
1.40364e+09 -0.0062173 -0.0727487 -0.0530819 -0.00522862 0.833002 0.00349577 0.553234
1.40364e+09 -0.00663626 -0.0788656 -0.0589184 -0.00523181 0.832992 0.00342529 0.55325
1.40364e+09 -0.00707097 -0.0850489 -0.0650452 -0.00522558 0.832986 0.00338318 0.55326
1.40364e+09 -0.00752838 -0.0912874 -0.0715361 -0.00523931 0.83301 0.0033757 0.553222
1.40364e+09 -0.00800227 -0.0976561 -0.0783006 -0.00525532 0.833013 0.00334743 0.553219
1.40364e+09 -0.00854953 -0.104183 -0.0854016 -0.0052199 0.83296 0.00347388 0.553298
1.40364e+09 -0.0090677 -0.110873 -0.0926595 -0.0052135 0.832926 0.00351405 0.553348
1.40364e+09 -0.00963666 -0.117636 -0.100074 -0.0052313 0.832927 0.00338217 0.553349
1.40364e+09 -0.0102917 -0.124619 -0.107721 -0.00511451 0.832915 0.00349703 0.553366
1.40364e+09 -0.0108345 -0.131709 -0.115517 -0.00500573 0.832908 0.00380481 0.553376
1.40364e+09 -0.0114781 -0.138661 -0.123664 -0.0052808 0.832911 0.00350969 0.55337
1.40364e+09 -0.0121409 -0.145692 -0.132015 -0.00546798 0.832933 0.00292901 0.55334
1.40364e+09 -0.0129472 -0.153059 -0.140644 -0.00523466 0.832858 0.00323802 0.553452
1.40364e+09 -0.0139729 -0.160435 -0.149585 -0.00571139 0.832831 0.00302414 0.553489
1.40364e+09 -0.0148784 -0.168191 -0.158484 -0.00548847 0.832831 0.00345635 0.55349
1.40364e+09 -0.0157451 -0.175823 -0.167603 -0.00641716 0.832824 0.00338702 0.553491
1.40364e+09 -0.015695 -0.182895 -0.176964 -0.00785732 0.833128 0.00631693 0.552988
1.40364e+09 -0.0165344 -0.189847 -0.182013 -0.00776104 0.835834 0.00823536 0.548866
1.40364e+09 -0.0167593 -0.196058 -0.176346 -0.0128654 0.833743 0.00893214 0.551931
1.40364e+09 -0.0148099 -0.203162 -0.15812 -0.019513 0.827807 0.0108768 0.560569
1.40364e+09 -0.0125302 -0.211526 -0.130173 -0.0271233 0.825779 0.0131863 0.563187
1.40364e+09 -0.0101289 -0.220086 -0.0981485 -0.037223 0.828892 0.0128762 0.558021
1.40364e+09 -0.00671786 -0.228774 -0.0651559 -0.0469662 0.829836 0.0124614 0.555887
1.40364e+09 -0.000482023 -0.236602 -0.0308969 -0.0483907 0.824942 0.0201082 0.562782
1.40364e+09 0.00490104 -0.244117 0.00534706 -0.0571276 0.818889 0.024067 0.570594
1.40364e+09 0.00834821 -0.254163 0.0414866 -0.0700619 0.813327 0.019031 0.57726
1.40364e+09 0.009526 -0.26835 0.0697979 -0.0742884 0.809208 0.0160413 0.582585
1.40364e+09 0.00902546 -0.283189 0.0812836 -0.0740551 0.807743 0.0165246 0.584631
1.40364e+09 0.00524 -0.300381 0.0708284 -0.0699048 0.806208 0.0163545 0.58726
1.40364e+09 0.00222905 -0.318435 0.034424 -0.0606393 0.803886 0.0157752 0.591475
1.40364e+09 -0.000564377 -0.335167 -0.0210656 -0.0574034 0.80483 0.0164509 0.590494
1.40364e+09 -0.0060637 -0.353544 -0.0857481 -0.0513809 0.811643 0.0202097 0.581538
1.40364e+09 -0.013792 -0.372392 -0.153964 -0.0438231 0.821935 0.0241002 0.567382
1.40364e+09 -0.0223811 -0.390944 -0.221261 -0.0388617 0.828935 0.0270496 0.557337
1.40364e+09 -0.0317158 -0.408353 -0.285382 -0.0365335 0.831338 0.0297728 0.553765
1.40364e+09 -0.0424064 -0.42565 -0.343349 -0.0291444 0.830889 0.0340958 0.554627
1.40364e+09 -0.0519456 -0.439952 -0.387384 -0.0201022 0.832318 0.0417219 0.55236
1.40364e+09 -0.0585064 -0.451757 -0.407686 -0.0161146 0.836587 0.0492689 0.545376
1.40364e+09 -0.0620373 -0.462734 -0.400206 -0.0206327 0.839833 0.0517839 0.539975
1.40364e+09 -0.0624427 -0.474162 -0.372472 -0.0284995 0.838764 0.05118 0.541335
1.40364e+09 -0.0602761 -0.484971 -0.335943 -0.0370138 0.834196 0.0488294 0.548054
1.40364e+09 -0.056885 -0.49523 -0.296933 -0.0419652 0.826057 0.047881 0.559979
1.40364e+09 -0.0523084 -0.504174 -0.261383 -0.0420786 0.818115 0.0441592 0.57181
1.40364e+09 -0.0482174 -0.511387 -0.236267 -0.03266 0.813191 0.0388401 0.579781
1.40364e+09 -0.0463732 -0.518257 -0.226108 -0.0199853 0.810619 0.0337349 0.584259
1.40364e+09 -0.0462982 -0.524818 -0.231125 -0.0239268 0.809521 0.0336896 0.585635
1.40364e+09 -0.0497915 -0.533318 -0.255957 -0.0282297 0.807302 0.0371555 0.588291
1.40364e+09 -0.0537512 -0.54262 -0.304353 -0.0238378 0.804934 0.0410909 0.59146
1.40364e+09 -0.0583762 -0.552467 -0.370749 -0.0224362 0.805181 0.046079 0.59081
1.40364e+09 -0.0653743 -0.562456 -0.447957 -0.023346 0.811037 0.0509734 0.582302
1.40364e+09 -0.0748186 -0.571114 -0.528723 -0.0284642 0.822294 0.0544044 0.565741
1.40364e+09 -0.0859531 -0.579406 -0.606717 -0.0374888 0.833745 0.0550984 0.548112
1.40364e+09 -0.0967788 -0.589052 -0.678317 -0.040854 0.839656 0.0532611 0.538955
1.40364e+09 -0.106133 -0.5989 -0.741555 -0.0391664 0.840243 0.0489505 0.538573
1.40364e+09 -0.114819 -0.607699 -0.796195 -0.0346969 0.837267 0.043068 0.543991
1.40364e+09 -0.12459 -0.619438 -0.84162 -0.0256139 0.834222 0.0402596 0.54936
1.40364e+09 -0.136254 -0.641077 -0.876979 -0.0193022 0.834501 0.0398939 0.549221
1.40364e+09 -0.147697 -0.673673 -0.904065 -0.0164473 0.837116 0.033464 0.545754
1.40364e+09 -0.160124 -0.714447 -0.92356 -0.0140991 0.838166 0.0239885 0.544705
1.40364e+09 -0.174402 -0.760467 -0.939877 -0.0108879 0.835346 0.0154226 0.549401
1.40364e+09 -0.191464 -0.811194 -0.956993 -0.00843141 0.830476 0.00585736 0.556959
1.40364e+09 -0.210393 -0.866587 -0.97775 -0.00751416 0.825359 -0.00576819 0.564529
1.40364e+09 -0.230971 -0.929035 -1.00194 -0.00503078 0.819762 -0.0153732 0.572476
1.40364e+09 -0.254418 -0.997428 -1.02827 0.000518454 0.815643 -0.022572 0.578115
1.40364e+09 -0.280036 -1.06934 -1.05672 0.0111443 0.813417 -0.0262037 0.580983
1.40364e+09 -0.307185 -1.13853 -1.08702 0.0158964 0.8146 -0.0302483 0.579015
1.40364e+09 -0.333822 -1.20361 -1.11795 0.0220043 0.818862 -0.0400629 0.572168
1.40364e+09 -0.358719 -1.26315 -1.14778 0.0302653 0.822355 -0.0550494 0.565496
1.40364e+09 -0.380667 -1.31358 -1.17601 0.0391357 0.82162 -0.0697354 0.564398
1.40364e+09 -0.398129 -1.34988 -1.20388 0.0538704 0.816961 -0.0812735 0.56839
1.40364e+09 -0.411484 -1.36688 -1.23363 0.068009 0.81205 -0.0875639 0.57296
1.40364e+09 -0.421005 -1.36326 -1.26623 0.0745941 0.809883 -0.0902218 0.574791
1.40364e+09 -0.426976 -1.33955 -1.30154 0.0750736 0.810011 -0.0895824 0.574649
1.40364e+09 -0.43021 -1.29998 -1.33878 0.0720986 0.810703 -0.0831973 0.575013
1.40364e+09 -0.43172 -1.25087 -1.37495 0.0627324 0.813241 -0.0775373 0.573317
1.40364e+09 -0.434759 -1.19554 -1.40825 0.0490038 0.815715 -0.0732427 0.571702
1.40364e+09 -0.439424 -1.13828 -1.44093 0.0433325 0.815048 -0.0672992 0.573838
1.40364e+09 -0.445557 -1.08049 -1.47727 0.0350481 0.81428 -0.0595319 0.576347
1.40364e+09 -0.449572 -1.02725 -1.51741 0.0247825 0.815593 -0.0502033 0.575911
1.40364e+09 -0.446281 -0.983128 -1.55983 0.0144604 0.816524 -0.0402034 0.575728
1.40364e+09 -0.438986 -0.951128 -1.60264 0.0129765 0.815153 -0.0349474 0.578045
1.40364e+09 -0.429673 -0.928155 -1.64445 0.0154613 0.815753 -0.0353144 0.577115
1.40364e+09 -0.420721 -0.911337 -1.68513 0.0154641 0.817751 -0.0430189 0.573754
1.40364e+09 -0.415556 -0.899976 -1.72269 0.0178241 0.817622 -0.048961 0.573392
1.40364e+09 -0.422128 -0.892821 -1.75652 0.0200889 0.816328 -0.0552062 0.574593
1.40364e+09 -0.445878 -0.886155 -1.7861 0.0142576 0.815321 -0.0631985 0.575373
1.40364e+09 -0.487979 -0.877137 -1.80991 0.00918366 0.815838 -0.0677037 0.57423
1.40364e+09 -0.544082 -0.862402 -1.83583 0.0202732 0.816485 -0.0645452 0.573389
1.40364e+09 -0.541848 -0.828536 -1.69043 0.0323718 0.81715 -0.0546967 0.572911
1.40364e+09 -0.604643 -0.804727 -1.7184 0.0404507 0.820348 -0.0498162 0.568252
1.40364e+09 -0.666753 -0.781737 -1.75662 0.042497 0.828025 -0.046336 0.557155
1.40364e+09 -0.722706 -0.760888 -1.80225 0.0389646 0.839263 -0.0447954 0.540475
1.40364e+09 -0.771847 -0.74341 -1.84988 0.0400507 0.846708 -0.0415745 0.528917
1.40364e+09 -0.814097 -0.726495 -1.89643 0.0400473 0.846769 -0.0395159 0.528978
1.40364e+09 -0.850648 -0.710474 -1.94091 0.0389289 0.840686 -0.0401344 0.538628
1.40364e+09 -0.882863 -0.696538 -1.98126 0.0390063 0.835711 -0.0404049 0.54629
1.40364e+09 -0.908079 -0.685959 -2.01699 0.039624 0.835335 -0.0406781 0.546801
1.40364e+09 -0.928533 -0.676967 -2.05071 0.0400127 0.837424 -0.0429872 0.54339
1.40364e+09 -0.946549 -0.669146 -2.08399 0.0423794 0.837802 -0.0489132 0.542124
1.40364e+09 -0.965409 -0.662285 -2.11771 0.0436699 0.837001 -0.05498 0.542678
1.40364e+09 -0.986147 -0.656018 -2.15032 0.0471376 0.836348 -0.0590918 0.542962
1.40364e+09 -1.01011 -0.649216 -2.18097 0.0448722 0.836134 -0.063048 0.543039
1.40364e+09 -1.0385 -0.642196 -2.21075 0.0466291 0.837323 -0.0656497 0.540746
1.40364e+09 -1.06947 -0.633066 -2.24118 0.0469326 0.841144 -0.0679994 0.534463
1.40364e+09 -1.10183 -0.622733 -2.27186 0.0469213 0.843205 -0.0686909 0.531116
1.40364e+09 -1.13559 -0.610536 -2.30089 0.0445585 0.842355 -0.0679838 0.532758
1.40364e+09 -1.1707 -0.596913 -2.32925 0.0431016 0.839673 -0.0676082 0.537141
1.40364e+09 -1.20776 -0.581631 -2.35531 0.0453925 0.836008 -0.066044 0.542834
1.40364e+09 -1.24451 -0.565845 -2.38208 0.047445 0.835683 -0.0631961 0.543496
1.40364e+09 -1.28266 -0.549539 -2.40958 0.048212 0.831983 -0.0632837 0.549068
1.40364e+09 -1.32186 -0.534463 -2.4369 0.0488237 0.832741 -0.062673 0.547933
1.40364e+09 -1.36204 -0.518924 -2.46438 0.0482472 0.831912 -0.0630645 0.549197
1.40364e+09 -1.4024 -0.502979 -2.49199 0.0487112 0.832058 -0.0619849 0.549058
1.40364e+09 -1.44326 -0.486527 -2.51976 0.0486075 0.832156 -0.0624345 0.548868
1.40364e+09 -1.31855 -0.539704 -2.43714 0.0450689 0.831742 -0.0603744 0.550027
1.40364e+09 -1.34701 -0.528973 -2.45722 0.0449189 0.831695 -0.0605319 0.550092
1.40364e+09 -1.37574 -0.517936 -2.47761 0.0448066 0.831669 -0.0606419 0.550128
1.40364e+09 -1.40461 -0.506664 -2.49814 0.0447721 0.831674 -0.0606968 0.550118
1.40364e+09 -1.43399 -0.495076 -2.519 0.0449627 0.831695 -0.0605547 0.550086
1.40364e+09 -1.46347 -0.483163 -2.5399 0.0450743 0.831692 -0.0605036 0.550088
1.40364e+09 -1.49331 -0.470916 -2.56099 0.0451094 0.831698 -0.0604238 0.550085
1.40364e+09 -1.52344 -0.458268 -2.58226 0.0451201 0.831697 -0.0604395 0.550084
1.40364e+09 -1.55379 -0.445325 -2.60377 0.045083 0.831717 -0.0604593 0.550053
1.40364e+09 -1.58443 -0.432058 -2.62553 0.0450446 0.831699 -0.0604702 0.550083
1.40364e+09 -1.61533 -0.418424 -2.64744 0.0450231 0.831697 -0.0604779 0.550087
1.40364e+09 -1.64662 -0.404508 -2.66957 0.0450681 0.831692 -0.0604125 0.550097
1.40364e+09 -1.67814 -0.390385 -2.69182 0.0450677 0.831684 -0.0604187 0.550109
1.40364e+09 -1.70998 -0.375896 -2.71424 0.0450725 0.831692 -0.0604159 0.550098
1.40364e+09 -1.74206 -0.361101 -2.73687 0.0450737 0.831689 -0.060424 0.550101
1.40364e+09 -1.77435 -0.345957 -2.75959 0.0451214 0.831687 -0.0604264 0.550099
1.40364e+09 -1.80697 -0.330379 -2.78251 0.0450874 0.831685 -0.0604309 0.550105
1.40364e+09 -1.83979 -0.314529 -2.80555 0.0450933 0.831687 -0.0604206 0.550103
1.40364e+09 -1.87293 -0.298481 -2.82878 0.0451108 0.831686 -0.0603883 0.550106
1.40364e+09 -1.90651 -0.282069 -2.85221 0.0451611 0.831699 -0.0604137 0.550079
1.40364e+09 -1.94026 -0.265398 -2.87577 0.0451114 0.831668 -0.0604772 0.550123
1.40364e+09 -1.9744 -0.248373 -2.89966 0.0450571 0.831707 -0.0603301 0.550085
1.40364e+09 -2.00899 -0.231134 -2.9238 0.0451018 0.831659 -0.060471 0.550139
1.40364e+09 -2.04408 -0.213729 -2.94796 0.0451718 0.831695 -0.0606609 0.550058
1.40364e+09 -2.0797 -0.195804 -2.97221 0.0450558 0.831668 -0.0606903 0.550104
1.40364e+09 -2.11578 -0.177337 -2.99671 0.0448799 0.831709 -0.0605832 0.550069
1.40364e+09 -2.15251 -0.158467 -3.02177 0.0448228 0.831745 -0.0605846 0.550018
1.40364e+09 -2.18976 -0.139387 -3.04699 0.0450931 0.831746 -0.0608949 0.54996
1.40364e+09 -2.22743 -0.120027 -3.07248 0.0449122 0.831814 -0.0605218 0.549914
1.40364e+09 -2.26544 -0.100344 -3.09819 0.0447315 0.831846 -0.0602234 0.549913
1.40364e+09 -2.30378 -0.080414 -3.12413 0.0447848 0.83183 -0.060275 0.549927
1.40364e+09 -2.34261 -0.0602826 -3.15043 0.0450552 0.831817 -0.0605175 0.549899
1.40364e+09 -2.382 -0.0397465 -3.17693 0.04501 0.831819 -0.0604836 0.549903
1.40364e+09 -2.42189 -0.0187921 -3.20364 0.0450007 0.831847 -0.0603966 0.54987
1.40364e+09 -2.4622 0.00265087 -3.23056 0.0449597 0.831827 -0.0603694 0.549908
1.40364e+09 -2.503 0.0243448 -3.25757 0.0449241 0.831836 -0.0603895 0.549895
1.40364e+09 -2.54418 0.0461715 -3.28475 0.0449256 0.831843 -0.0603507 0.549888
1.40364e+09 -2.58559 0.0682592 -3.31201 0.0449004 0.831853 -0.0604116 0.549869
1.40364e+09 -2.62733 0.0907388 -3.33959 0.0449139 0.831884 -0.0603624 0.549826
1.40364e+09 -2.66945 0.113508 -3.36734 0.0449245 0.831884 -0.0604141 0.549819
1.40364e+09 -2.71201 0.13664 -3.3953 0.0448569 0.831879 -0.0603674 0.549837
1.40364e+09 -2.75506 0.160052 -3.42354 0.0448042 0.831884 -0.0603933 0.549831
1.40364e+09 -2.79845 0.18354 -3.45203 0.0447055 0.831904 -0.0604225 0.549805
1.40364e+09 -2.84218 0.207291 -3.48069 0.0447005 0.831924 -0.0604805 0.54977
1.40364e+09 -2.88624 0.23135 -3.50941 0.0446842 0.831935 -0.0604981 0.549752
1.40364e+09 -2.93042 0.255627 -3.53818 0.0446267 0.831909 -0.0604474 0.549801
1.40364e+09 -2.97491 0.280181 -3.5671 0.0446559 0.831914 -0.060488 0.549787
1.40364e+09 -3.01976 0.305 -3.59615 0.0446126 0.831946 -0.0604442 0.549748
1.40364e+09 -3.06498 0.330084 -3.62543 0.0446064 0.831913 -0.0605302 0.549788
1.40364e+09 -3.11057 0.355438 -3.65496 0.0446732 0.831905 -0.0604778 0.549801
1.40364e+09 -3.15658 0.381074 -3.68472 0.0446601 0.831888 -0.060529 0.549822
1.40364e+09 -3.20295 0.407005 -3.71457 0.0446529 0.831874 -0.0605382 0.549842
1.40364e+09 -3.24981 0.433098 -3.74481 0.0446255 0.831898 -0.0605354 0.549809
1.40364e+09 -3.29701 0.459345 -3.77539 0.044702 0.831882 -0.0604831 0.549832
1.40364e+09 -3.34443 0.485652 -3.80611 0.0446928 0.831913 -0.0605949 0.549774
1.40364e+09 -3.39206 0.512111 -3.83699 0.044669 0.831906 -0.0606237 0.549783
1.40364e+09 -3.43991 0.538806 -3.8681 0.0446173 0.831913 -0.0605788 0.549782
1.40364e+09 -3.48815 0.565553 -3.89948 0.04462 0.831929 -0.0605485 0.549761
1.40364e+09 -3.53727 0.592477 -3.9312 0.0446817 0.8319 -0.060424 0.549814
1.40364e+09 -3.58693 0.619764 -3.96319 0.0447172 0.83194 -0.0604036 0.549753
1.40364e+09 -3.63686 0.647341 -3.99521 0.0446936 0.831935 -0.0604022 0.549761
1.40364e+09 -3.68642 0.67506 -4.02751 0.0446974 0.831949 -0.0604018 0.549741
1.40364e+09 -3.73711 0.70319 -4.0599 0.044737 0.831974 -0.0604188 0.549697
1.40364e+09 -3.78834 0.731467 -4.09241 0.0448053 0.831871 -0.0603486 0.549855
